ppm,intensity
149.369472,0.00000014
149.345500,0.00000014
149.321529,0.00000014
149.297557,0.00000014
149.273585,0.00000014
149.249613,0.00000014
149.225641,0.00000014
149.201669,0.00000014
149.177697,0.00000014
149.153726,0.00000014
149.129754,0.00000014
149.105782,0.00000014
149.081810,0.00000014
149.057838,0.00000014
149.033866,0.00000014
149.009895,0.00000014
148.985923,0.00000014
148.961951,0.00000014
148.937979,0.00000014
148.914007,0.00000014
148.890035,0.00000014
148.866064,0.00000014
148.842092,0.00000014
148.818120,0.00000014
148.794148,0.00000014
148.770176,0.00000014
148.746204,0.00000015
148.722233,0.00000015
148.698261,0.00000015
148.674289,0.00000015
148.650317,0.00000015
148.626345,0.00000015
148.602373,0.00000015
148.578402,0.00000015
148.554430,0.00000015
148.530458,0.00000015
148.506486,0.00000015
148.482514,0.00000015
148.458542,0.00000015
148.434571,0.00000015
148.410599,0.00000015
148.386627,0.00000015
148.362655,0.00000015
148.338683,0.00000015
148.314711,0.00000015
148.290739,0.00000015
148.266768,0.00000015
148.242796,0.00000015
148.218824,0.00000015
148.194852,0.00000015
148.170880,0.00000015
148.146908,0.00000015
148.122937,0.00000015
148.098965,0.00000016
148.074993,0.00000016
148.051021,0.00000016
148.027049,0.00000016
148.003077,0.00000016
147.979106,0.00000016
147.955134,0.00000016
147.931162,0.00000016
147.907190,0.00000016
147.883218,0.00000016
147.859246,0.00000016
147.835275,0.00000016
147.811303,0.00000016
147.787331,0.00000016
147.763359,0.00000016
147.739387,0.00000016
147.715415,0.00000016
147.691444,0.00000016
147.667472,0.00000016
147.643500,0.00000016
147.619528,0.00000016
147.595556,0.00000016
147.571584,0.00000016
147.547613,0.00000016
147.523641,0.00000017
147.499669,0.00000017
147.475697,0.00000017
147.451725,0.00000017
147.427753,0.00000017
147.403781,0.00000017
147.379810,0.00000017
147.355838,0.00000017
147.331866,0.00000017
147.307894,0.00000017
147.283922,0.00000017
147.259950,0.00000017
147.235979,0.00000017
147.212007,0.00000017
147.188035,0.00000017
147.164063,0.00000017
147.140091,0.00000017
147.116119,0.00000017
147.092148,0.00000017
147.068176,0.00000017
147.044204,0.00000017
147.020232,0.00000017
146.996260,0.00000017
146.972288,0.00000018
146.948317,0.00000018
146.924345,0.00000018
146.900373,0.00000018
146.876401,0.00000018
146.852429,0.00000018
146.828457,0.00000018
146.804486,0.00000018
146.780514,0.00000018
146.756542,0.00000018
146.732570,0.00000018
146.708598,0.00000018
146.684626,0.00000018
146.660655,0.00000018
146.636683,0.00000018
146.612711,0.00000018
146.588739,0.00000018
146.564767,0.00000018
146.540795,0.00000018
146.516823,0.00000018
146.492852,0.00000019
146.468880,0.00000019
146.444908,0.00000019
146.420936,0.00000019
146.396964,0.00000019
146.372992,0.00000019
146.349021,0.00000019
146.325049,0.00000019
146.301077,0.00000019
146.277105,0.00000019
146.253133,0.00000019
146.229161,0.00000019
146.205190,0.00000019
146.181218,0.00000019
146.157246,0.00000019
146.133274,0.00000019
146.109302,0.00000019
146.085330,0.00000019
146.061359,0.00000019
146.037387,0.00000020
146.013415,0.00000020
145.989443,0.00000020
145.965471,0.00000020
145.941499,0.00000020
145.917528,0.00000020
145.893556,0.00000020
145.869584,0.00000020
145.845612,0.00000020
145.821640,0.00000020
145.797668,0.00000020
145.773697,0.00000020
145.749725,0.00000020
145.725753,0.00000020
145.701781,0.00000020
145.677809,0.00000020
145.653837,0.00000020
145.629865,0.00000021
145.605894,0.00000021
145.581922,0.00000021
145.557950,0.00000021
145.533978,0.00000021
145.510006,0.00000021
145.486034,0.00000021
145.462063,0.00000021
145.438091,0.00000021
145.414119,0.00000021
145.390147,0.00000021
145.366175,0.00000021
145.342203,0.00000021
145.318232,0.00000021
145.294260,0.00000021
145.270288,0.00000021
145.246316,0.00000021
145.222344,0.00000022
145.198372,0.00000022
145.174401,0.00000022
145.150429,0.00000022
145.126457,0.00000022
145.102485,0.00000022
145.078513,0.00000022
145.054541,0.00000022
145.030570,0.00000022
145.006598,0.00000022
144.982626,0.00000022
144.958654,0.00000022
144.934682,0.00000022
144.910710,0.00000022
144.886739,0.00000022
144.862767,0.00000023
144.838795,0.00000023
144.814823,0.00000023
144.790851,0.00000023
144.766879,0.00000023
144.742907,0.00000023
144.718936,0.00000023
144.694964,0.00000023
144.670992,0.00000023
144.647020,0.00000023
144.623048,0.00000023
144.599076,0.00000023
144.575105,0.00000023
144.551133,0.00000023
144.527161,0.00000024
144.503189,0.00000024
144.479217,0.00000024
144.455245,0.00000024
144.431274,0.00000024
144.407302,0.00000024
144.383330,0.00000024
144.359358,0.00000024
144.335386,0.00000024
144.311414,0.00000024
144.287443,0.00000024
144.263471,0.00000024
144.239499,0.00000024
144.215527,0.00000025
144.191555,0.00000025
144.167583,0.00000025
144.143612,0.00000025
144.119640,0.00000025
144.095668,0.00000025
144.071696,0.00000025
144.047724,0.00000025
144.023752,0.00000025
143.999781,0.00000025
143.975809,0.00000025
143.951837,0.00000025
143.927865,0.00000026
143.903893,0.00000026
143.879921,0.00000026
143.855949,0.00000026
143.831978,0.00000026
143.808006,0.00000026
143.784034,0.00000026
143.760062,0.00000026
143.736090,0.00000026
143.712118,0.00000026
143.688147,0.00000026
143.664175,0.00000026
143.640203,0.00000027
143.616231,0.00000027
143.592259,0.00000027
143.568287,0.00000027
143.544316,0.00000027
143.520344,0.00000027
143.496372,0.00000027
143.472400,0.00000027
143.448428,0.00000027
143.424456,0.00000027
143.400485,0.00000027
143.376513,0.00000028
143.352541,0.00000028
143.328569,0.00000028
143.304597,0.00000028
143.280625,0.00000028
143.256654,0.00000028
143.232682,0.00000028
143.208710,0.00000028
143.184738,0.00000028
143.160766,0.00000028
143.136794,0.00000028
143.112823,0.00000029
143.088851,0.00000029
143.064879,0.00000029
143.040907,0.00000029
143.016935,0.00000029
142.992963,0.00000029
142.968991,0.00000029
142.945020,0.00000029
142.921048,0.00000029
142.897076,0.00000029
142.873104,0.00000030
142.849132,0.00000030
142.825160,0.00000030
142.801189,0.00000030
142.777217,0.00000030
142.753245,0.00000030
142.729273,0.00000030
142.705301,0.00000030
142.681329,0.00000030
142.657358,0.00000031
142.633386,0.00000031
142.609414,0.00000031
142.585442,0.00000031
142.561470,0.00000031
142.537498,0.00000031
142.513527,0.00000031
142.489555,0.00000031
142.465583,0.00000031
142.441611,0.00000032
142.417639,0.00000032
142.393667,0.00000032
142.369696,0.00000032
142.345724,0.00000032
142.321752,0.00000032
142.297780,0.00000032
142.273808,0.00000032
142.249836,0.00000032
142.225865,0.00000033
142.201893,0.00000033
142.177921,0.00000033
142.153949,0.00000033
142.129977,0.00000033
142.106005,0.00000033
142.082033,0.00000033
142.058062,0.00000033
142.034090,0.00000034
142.010118,0.00000034
141.986146,0.00000034
141.962174,0.00000034
141.938202,0.00000034
141.914231,0.00000034
141.890259,0.00000034
141.866287,0.00000034
141.842315,0.00000035
141.818343,0.00000035
141.794371,0.00000035
141.770400,0.00000035
141.746428,0.00000035
141.722456,0.00000035
141.698484,0.00000035
141.674512,0.00000036
141.650540,0.00000036
141.626569,0.00000036
141.602597,0.00000036
141.578625,0.00000036
141.554653,0.00000036
141.530681,0.00000036
141.506709,0.00000037
141.482738,0.00000037
141.458766,0.00000037
141.434794,0.00000037
141.410822,0.00000037
141.386850,0.00000037
141.362878,0.00000037
141.338907,0.00000038
141.314935,0.00000038
141.290963,0.00000038
141.266991,0.00000038
141.243019,0.00000038
141.219047,0.00000038
141.195075,0.00000038
141.171104,0.00000039
141.147132,0.00000039
141.123160,0.00000039
141.099188,0.00000039
141.075216,0.00000039
141.051244,0.00000039
141.027273,0.00000040
141.003301,0.00000040
140.979329,0.00000040
140.955357,0.00000040
140.931385,0.00000040
140.907413,0.00000040
140.883442,0.00000041
140.859470,0.00000041
140.835498,0.00000041
140.811526,0.00000041
140.787554,0.00000041
140.763582,0.00000041
140.739611,0.00000042
140.715639,0.00000042
140.691667,0.00000042
140.667695,0.00000042
140.643723,0.00000042
140.619751,0.00000042
140.595780,0.00000043
140.571808,0.00000043
140.547836,0.00000043
140.523864,0.00000043
140.499892,0.00000043
140.475920,0.00000044
140.451949,0.00000044
140.427977,0.00000044
140.404005,0.00000044
140.380033,0.00000044
140.356061,0.00000044
140.332089,0.00000045
140.308117,0.00000045
140.284146,0.00000045
140.260174,0.00000045
140.236202,0.00000045
140.212230,0.00000046
140.188258,0.00000046
140.164286,0.00000046
140.140315,0.00000046
140.116343,0.00000046
140.092371,0.00000047
140.068399,0.00000047
140.044427,0.00000047
140.020455,0.00000047
139.996484,0.00000047
139.972512,0.00000048
139.948540,0.00000048
139.924568,0.00000048
139.900596,0.00000048
139.876624,0.00000049
139.852653,0.00000049
139.828681,0.00000049
139.804709,0.00000049
139.780737,0.00000049
139.756765,0.00000050
139.732793,0.00000050
139.708822,0.00000050
139.684850,0.00000050
139.660878,0.00000051
139.636906,0.00000051
139.612934,0.00000051
139.588962,0.00000051
139.564991,0.00000052
139.541019,0.00000052
139.517047,0.00000052
139.493075,0.00000052
139.469103,0.00000052
139.445131,0.00000053
139.421159,0.00000053
139.397188,0.00000053
139.373216,0.00000053
139.349244,0.00000054
139.325272,0.00000054
139.301300,0.00000054
139.277328,0.00000055
139.253357,0.00000055
139.229385,0.00000055
139.205413,0.00000055
139.181441,0.00000056
139.157469,0.00000056
139.133497,0.00000056
139.109526,0.00000056
139.085554,0.00000057
139.061582,0.00000057
139.037610,0.00000057
139.013638,0.00000058
138.989666,0.00000058
138.965695,0.00000058
138.941723,0.00000058
138.917751,0.00000059
138.893779,0.00000059
138.869807,0.00000059
138.845835,0.00000060
138.821864,0.00000060
138.797892,0.00000060
138.773920,0.00000060
138.749948,0.00000061
138.725976,0.00000061
138.702004,0.00000061
138.678033,0.00000062
138.654061,0.00000062
138.630089,0.00000062
138.606117,0.00000063
138.582145,0.00000063
138.558173,0.00000063
138.534201,0.00000064
138.510230,0.00000064
138.486258,0.00000064
138.462286,0.00000065
138.438314,0.00000065
138.414342,0.00000065
138.390370,0.00000066
138.366399,0.00000066
138.342427,0.00000066
138.318455,0.00000067
138.294483,0.00000067
138.270511,0.00000067
138.246539,0.00000068
138.222568,0.00000068
138.198596,0.00000068
138.174624,0.00000069
138.150652,0.00000069
138.126680,0.00000070
138.102708,0.00000070
138.078737,0.00000070
138.054765,0.00000071
138.030793,0.00000071
138.006821,0.00000072
137.982849,0.00000072
137.958877,0.00000072
137.934906,0.00000073
137.910934,0.00000073
137.886962,0.00000074
137.862990,0.00000074
137.839018,0.00000074
137.815046,0.00000075
137.791074,0.00000075
137.767103,0.00000076
137.743131,0.00000076
137.719159,0.00000076
137.695187,0.00000077
137.671215,0.00000077
137.647243,0.00000078
137.623272,0.00000078
137.599300,0.00000079
137.575328,0.00000079
137.551356,0.00000080
137.527384,0.00000080
137.503412,0.00000081
137.479441,0.00000081
137.455469,0.00000081
137.431497,0.00000082
137.407525,0.00000082
137.383553,0.00000083
137.359581,0.00000083
137.335610,0.00000084
137.311638,0.00000084
137.287666,0.00000085
137.263694,0.00000085
137.239722,0.00000086
137.215750,0.00000086
137.191779,0.00000087
137.167807,0.00000087
137.143835,0.00000088
137.119863,0.00000089
137.095891,0.00000089
137.071919,0.00000090
137.047948,0.00000090
137.023976,0.00000091
137.000004,0.00000091
136.976032,0.00000092
136.952060,0.00000092
136.928088,0.00000093
136.904116,0.00000094
136.880145,0.00000094
136.856173,0.00000095
136.832201,0.00000095
136.808229,0.00000096
136.784257,0.00000097
136.760285,0.00000097
136.736314,0.00000098
136.712342,0.00000099
136.688370,0.00000099
136.664398,0.00000100
136.640426,0.00000100
136.616454,0.00000101
136.592483,0.00000102
136.568511,0.00000102
136.544539,0.00000103
136.520567,0.00000104
136.496595,0.00000105
136.472623,0.00000105
136.448652,0.00000106
136.424680,0.00000107
136.400708,0.00000107
136.376736,0.00000108
136.352764,0.00000109
136.328792,0.00000110
136.304821,0.00000110
136.280849,0.00000111
136.256877,0.00000112
136.232905,0.00000113
136.208933,0.00000113
136.184961,0.00000114
136.160990,0.00000115
136.137018,0.00000116
136.113046,0.00000117
136.089074,0.00000117
136.065102,0.00000118
136.041130,0.00000119
136.017158,0.00000120
135.993187,0.00000121
135.969215,0.00000122
135.945243,0.00000123
135.921271,0.00000123
135.897299,0.00000124
135.873327,0.00000125
135.849356,0.00000126
135.825384,0.00000127
135.801412,0.00000128
135.777440,0.00000129
135.753468,0.00000130
135.729496,0.00000131
135.705525,0.00000132
135.681553,0.00000133
135.657581,0.00000134
135.633609,0.00000135
135.609637,0.00000136
135.585665,0.00000137
135.561694,0.00000138
135.537722,0.00000139
135.513750,0.00000140
135.489778,0.00000141
135.465806,0.00000142
135.441834,0.00000143
135.417863,0.00000144
135.393891,0.00000146
135.369919,0.00000147
135.345947,0.00000148
135.321975,0.00000149
135.298003,0.00000150
135.274032,0.00000152
135.250060,0.00000153
135.226088,0.00000154
135.202116,0.00000155
135.178144,0.00000156
135.154172,0.00000158
135.130200,0.00000159
135.106229,0.00000160
135.082257,0.00000162
135.058285,0.00000163
135.034313,0.00000164
135.010341,0.00000166
134.986369,0.00000167
134.962398,0.00000169
134.938426,0.00000170
134.914454,0.00000171
134.890482,0.00000173
134.866510,0.00000174
134.842538,0.00000176
134.818567,0.00000177
134.794595,0.00000179
134.770623,0.00000181
134.746651,0.00000182
134.722679,0.00000184
134.698707,0.00000185
134.674736,0.00000187
134.650764,0.00000189
134.626792,0.00000190
134.602820,0.00000192
134.578848,0.00000194
134.554876,0.00000196
134.530905,0.00000198
134.506933,0.00000199
134.482961,0.00000201
134.458989,0.00000203
134.435017,0.00000205
134.411045,0.00000207
134.387074,0.00000209
134.363102,0.00000211
134.339130,0.00000213
134.315158,0.00000215
134.291186,0.00000217
134.267214,0.00000219
134.243242,0.00000221
134.219271,0.00000223
134.195299,0.00000225
134.171327,0.00000228
134.147355,0.00000230
134.123383,0.00000232
134.099411,0.00000235
134.075440,0.00000237
134.051468,0.00000239
134.027496,0.00000242
134.003524,0.00000244
133.979552,0.00000247
133.955580,0.00000249
133.931609,0.00000252
133.907637,0.00000254
133.883665,0.00000257
133.859693,0.00000260
133.835721,0.00000263
133.811749,0.00000265
133.787778,0.00000268
133.763806,0.00000271
133.739834,0.00000274
133.715862,0.00000277
133.691890,0.00000280
133.667918,0.00000283
133.643947,0.00000286
133.619975,0.00000289
133.596003,0.00000293
133.572031,0.00000296
133.548059,0.00000299
133.524087,0.00000303
133.500116,0.00000306
133.476144,0.00000310
133.452172,0.00000313
133.428200,0.00000317
133.404228,0.00000321
133.380256,0.00000324
133.356284,0.00000328
133.332313,0.00000332
133.308341,0.00000336
133.284369,0.00000340
133.260397,0.00000344
133.236425,0.00000348
133.212453,0.00000353
133.188482,0.00000357
133.164510,0.00000362
133.140538,0.00000366
133.116566,0.00000371
133.092594,0.00000375
133.068622,0.00000380
133.044651,0.00000385
133.020679,0.00000390
132.996707,0.00000395
132.972735,0.00000400
132.948763,0.00000406
132.924791,0.00000411
132.900820,0.00000416
132.876848,0.00000422
132.852876,0.00000428
132.828904,0.00000434
132.804932,0.00000439
132.780960,0.00000446
132.756989,0.00000452
132.733017,0.00000458
132.709045,0.00000465
132.685073,0.00000471
132.661101,0.00000478
132.637129,0.00000485
132.613158,0.00000492
132.589186,0.00000499
132.565214,0.00000506
132.541242,0.00000514
132.517270,0.00000522
132.493298,0.00000529
132.469326,0.00000537
132.445355,0.00000546
132.421383,0.00000554
132.397411,0.00000563
132.373439,0.00000572
132.349467,0.00000581
132.325495,0.00000590
132.301524,0.00000599
132.277552,0.00000609
132.253580,0.00000619
132.229608,0.00000629
132.205636,0.00000639
132.181664,0.00000650
132.157693,0.00000661
132.133721,0.00000672
132.109749,0.00000684
132.085777,0.00000696
132.061805,0.00000708
132.037833,0.00000720
132.013862,0.00000733
131.989890,0.00000746
131.965918,0.00000760
131.941946,0.00000774
131.917974,0.00000788
131.894002,0.00000802
131.870031,0.00000817
131.846059,0.00000833
131.822087,0.00000849
131.798115,0.00000865
131.774143,0.00000882
131.750171,0.00000900
131.726200,0.00000917
131.702228,0.00000936
131.678256,0.00000955
131.654284,0.00000974
131.630312,0.00000995
131.606340,0.00001015
131.582368,0.00001037
131.558397,0.00001059
131.534425,0.00001082
131.510453,0.00001106
131.486481,0.00001130
131.462509,0.00001155
131.438537,0.00001181
131.414566,0.00001208
131.390594,0.00001236
131.366622,0.00001265
131.342650,0.00001295
131.318678,0.00001326
131.294706,0.00001358
131.270735,0.00001392
131.246763,0.00001426
131.222791,0.00001462
131.198819,0.00001500
131.174847,0.00001538
131.150875,0.00001579
131.126904,0.00001620
131.102932,0.00001664
131.078960,0.00001709
131.054988,0.00001757
131.031016,0.00001806
131.007044,0.00001857
130.983073,0.00001911
130.959101,0.00001967
130.935129,0.00002025
130.911157,0.00002086
130.887185,0.00002150
130.863213,0.00002217
130.839242,0.00002287
130.815270,0.00002360
130.791298,0.00002437
130.767326,0.00002518
130.743354,0.00002603
130.719382,0.00002693
130.695410,0.00002787
130.671439,0.00002886
130.647467,0.00002991
130.623495,0.00003101
130.599523,0.00003218
130.575551,0.00003341
130.551579,0.00003472
130.527608,0.00003610
130.503636,0.00003757
130.479664,0.00003913
130.455692,0.00004080
130.431720,0.00004257
130.407748,0.00004446
130.383777,0.00004648
130.359805,0.00004864
130.335833,0.00005095
130.311861,0.00005344
130.287889,0.00005611
130.263917,0.00005899
130.239946,0.00006211
130.215974,0.00006547
130.192002,0.00006912
130.168030,0.00007309
130.144058,0.00007741
130.120086,0.00008212
130.096115,0.00008729
130.072143,0.00009297
130.048171,0.00009922
130.024199,0.00010613
130.000227,0.00011380
129.976255,0.00012234
129.952284,0.00013189
129.928312,0.00014263
129.904340,0.00015474
129.880368,0.00016849
129.856396,0.00018418
129.832424,0.00020220
129.808452,0.00022306
129.784481,0.00024737
129.760509,0.00027596
129.736537,0.00030991
129.712565,0.00035067
129.688593,0.00040022
129.664621,0.00046133
129.640650,0.00053798
129.616678,0.00063601
129.592706,0.00076438
129.568734,0.00093738
129.544762,0.00117896
129.520790,0.00153204
129.496819,0.00208027
129.472847,0.00300630
129.448875,0.00478004
129.424903,0.00896607
129.400931,0.02400148
129.376959,0.26370984
129.352988,0.18941288
129.329016,0.04010820
129.305044,0.44815886
129.281072,0.06120599
129.257100,0.01287741
129.233128,0.00599202
129.209157,0.00370722
129.185185,0.00272602
129.161213,0.00233872
129.137241,0.00241549
129.113269,0.00325860
129.089297,0.00684756
129.065326,0.04318086
129.041354,0.09926592
129.017382,0.00849716
128.993410,0.00312104
128.969438,0.00169867
128.945466,0.00110930
128.921494,0.00080243
128.897523,0.00061877
128.873551,0.00049809
128.849579,0.00041336
128.825607,0.00035088
128.801635,0.00030305
128.777663,0.00026535
128.753692,0.00023493
128.729720,0.00020992
128.705748,0.00018902
128.681776,0.00017133
128.657804,0.00015618
128.633832,0.00014308
128.609861,0.00013166
128.585889,0.00012162
128.561917,0.00011275
128.537945,0.00010486
128.513973,0.00009781
128.490001,0.00009147
128.466030,0.00008575
128.442058,0.00008057
128.418086,0.00007586
128.394114,0.00007157
128.370142,0.00006764
128.346170,0.00006403
128.322199,0.00006071
128.298227,0.00005765
128.274255,0.00005482
128.250283,0.00005219
128.226311,0.00004976
128.202339,0.00004749
128.178368,0.00004538
128.154396,0.00004341
128.130424,0.00004157
128.106452,0.00003984
128.082480,0.00003822
128.058508,0.00003670
128.034536,0.00003527
128.010565,0.00003392
127.986593,0.00003265
127.962621,0.00003144
127.938649,0.00003031
127.914677,0.00002924
127.890705,0.00002822
127.866734,0.00002725
127.842762,0.00002634
127.818790,0.00002547
127.794818,0.00002464
127.770846,0.00002386
127.746874,0.00002311
127.722903,0.00002239
127.698931,0.00002171
127.674959,0.00002106
127.650987,0.00002044
127.627015,0.00001984
127.603043,0.00001927
127.579072,0.00001873
127.555100,0.00001821
127.531128,0.00001771
127.507156,0.00001723
127.483184,0.00001677
127.459212,0.00001633
127.435241,0.00001590
127.411269,0.00001549
127.387297,0.00001510
127.363325,0.00001472
127.339353,0.00001436
127.315381,0.00001401
127.291410,0.00001367
127.267438,0.00001335
127.243466,0.00001303
127.219494,0.00001273
127.195522,0.00001244
127.171550,0.00001215
127.147578,0.00001188
127.123607,0.00001162
127.099635,0.00001136
127.075663,0.00001112
127.051691,0.00001088
127.027719,0.00001065
127.003747,0.00001042
126.979776,0.00001021
126.955804,0.00001000
126.931832,0.00000979
126.907860,0.00000959
126.883888,0.00000940
126.859916,0.00000922
126.835945,0.00000904
126.811973,0.00000886
126.788001,0.00000869
126.764029,0.00000853
126.740057,0.00000837
126.716085,0.00000821
126.692114,0.00000806
126.668142,0.00000791
126.644170,0.00000777
126.620198,0.00000763
126.596226,0.00000749
126.572254,0.00000736
126.548283,0.00000723
126.524311,0.00000711
126.500339,0.00000698
126.476367,0.00000686
126.452395,0.00000675
126.428423,0.00000664
126.404452,0.00000653
126.380480,0.00000642
126.356508,0.00000631
126.332536,0.00000621
126.308564,0.00000611
126.284592,0.00000601
126.260620,0.00000592
126.236649,0.00000583
126.212677,0.00000573
126.188705,0.00000565
126.164733,0.00000556
126.140761,0.00000547
126.116789,0.00000539
126.092818,0.00000531
126.068846,0.00000523
126.044874,0.00000516
126.020902,0.00000508
125.996930,0.00000501
125.972958,0.00000493
125.948987,0.00000486
125.925015,0.00000479
125.901043,0.00000473
125.877071,0.00000466
125.853099,0.00000459
125.829127,0.00000453
125.805156,0.00000447
125.781184,0.00000441
125.757212,0.00000435
125.733240,0.00000429
125.709268,0.00000423
125.685296,0.00000418
125.661325,0.00000412
125.637353,0.00000407
125.613381,0.00000401
125.589409,0.00000396
125.565437,0.00000391
125.541465,0.00000386
125.517494,0.00000381
125.493522,0.00000376
125.469550,0.00000372
125.445578,0.00000367
125.421606,0.00000363
125.397634,0.00000358
125.373662,0.00000354
125.349691,0.00000349
125.325719,0.00000345
125.301747,0.00000341
125.277775,0.00000337
125.253803,0.00000333
125.229831,0.00000329
125.205860,0.00000325
125.181888,0.00000321
125.157916,0.00000318
125.133944,0.00000314
125.109972,0.00000310
125.086000,0.00000307
125.062029,0.00000303
125.038057,0.00000300
125.014085,0.00000297
124.990113,0.00000293
124.966141,0.00000290
124.942169,0.00000287
124.918198,0.00000284
124.894226,0.00000281
124.870254,0.00000278
124.846282,0.00000275
124.822310,0.00000272
124.798338,0.00000269
124.774367,0.00000266
124.750395,0.00000263
124.726423,0.00000260
124.702451,0.00000258
124.678479,0.00000255
124.654507,0.00000252
124.630536,0.00000250
124.606564,0.00000247
124.582592,0.00000245
124.558620,0.00000242
124.534648,0.00000240
124.510676,0.00000237
124.486704,0.00000235
124.462733,0.00000233
124.438761,0.00000230
124.414789,0.00000228
124.390817,0.00000226
124.366845,0.00000224
124.342873,0.00000222
124.318902,0.00000219
124.294930,0.00000217
124.270958,0.00000215
124.246986,0.00000213
124.223014,0.00000211
124.199042,0.00000209
124.175071,0.00000207
124.151099,0.00000205
124.127127,0.00000203
124.103155,0.00000202
124.079183,0.00000200
124.055211,0.00000198
124.031240,0.00000196
124.007268,0.00000194
123.983296,0.00000193
123.959324,0.00000191
123.935352,0.00000189
123.911380,0.00000187
123.887409,0.00000186
123.863437,0.00000184
123.839465,0.00000183
123.815493,0.00000181
123.791521,0.00000179
123.767549,0.00000178
123.743577,0.00000176
123.719606,0.00000175
123.695634,0.00000173
123.671662,0.00000172
123.647690,0.00000170
123.623718,0.00000169
123.599746,0.00000168
123.575775,0.00000166
123.551803,0.00000165
123.527831,0.00000163
123.503859,0.00000162
123.479887,0.00000161
123.455915,0.00000159
123.431944,0.00000158
123.407972,0.00000157
123.384000,0.00000156
123.360028,0.00000154
123.336056,0.00000153
123.312084,0.00000152
123.288113,0.00000151
123.264141,0.00000149
123.240169,0.00000148
123.216197,0.00000147
123.192225,0.00000146
123.168253,0.00000145
123.144282,0.00000144
123.120310,0.00000143
123.096338,0.00000141
123.072366,0.00000140
123.048394,0.00000139
123.024422,0.00000138
123.000451,0.00000137
122.976479,0.00000136
122.952507,0.00000135
122.928535,0.00000134
122.904563,0.00000133
122.880591,0.00000132
122.856619,0.00000131
122.832648,0.00000130
122.808676,0.00000129
122.784704,0.00000128
122.760732,0.00000127
122.736760,0.00000126
122.712788,0.00000125
122.688817,0.00000125
122.664845,0.00000124
122.640873,0.00000123
122.616901,0.00000122
122.592929,0.00000121
122.568957,0.00000120
122.544986,0.00000119
122.521014,0.00000118
122.497042,0.00000118
122.473070,0.00000117
122.449098,0.00000116
122.425126,0.00000115
122.401155,0.00000114
122.377183,0.00000114
122.353211,0.00000113
122.329239,0.00000112
122.305267,0.00000111
122.281295,0.00000111
122.257324,0.00000110
122.233352,0.00000109
122.209380,0.00000108
122.185408,0.00000108
122.161436,0.00000107
122.137464,0.00000106
122.113493,0.00000105
122.089521,0.00000105
122.065549,0.00000104
122.041577,0.00000103
122.017605,0.00000103
121.993633,0.00000102
121.969661,0.00000101
121.945690,0.00000101
121.921718,0.00000100
121.897746,0.00000099
121.873774,0.00000099
121.849802,0.00000098
121.825830,0.00000097
121.801859,0.00000097
121.777887,0.00000096
121.753915,0.00000096
121.729943,0.00000095
121.705971,0.00000094
121.681999,0.00000094
121.658028,0.00000093
121.634056,0.00000093
121.610084,0.00000092
121.586112,0.00000092
121.562140,0.00000091
121.538168,0.00000090
121.514197,0.00000090
121.490225,0.00000089
121.466253,0.00000089
121.442281,0.00000088
121.418309,0.00000088
121.394337,0.00000087
121.370366,0.00000087
121.346394,0.00000086
121.322422,0.00000086
121.298450,0.00000085
121.274478,0.00000085
121.250506,0.00000084
121.226535,0.00000084
121.202563,0.00000083
121.178591,0.00000083
121.154619,0.00000082
121.130647,0.00000082
121.106675,0.00000081
121.082703,0.00000081
121.058732,0.00000080
121.034760,0.00000080
121.010788,0.00000079
120.986816,0.00000079
120.962844,0.00000078
120.938872,0.00000078
120.914901,0.00000078
120.890929,0.00000077
120.866957,0.00000077
120.842985,0.00000076
120.819013,0.00000076
120.795041,0.00000075
120.771070,0.00000075
120.747098,0.00000075
120.723126,0.00000074
120.699154,0.00000074
120.675182,0.00000073
120.651210,0.00000073
120.627239,0.00000072
120.603267,0.00000072
120.579295,0.00000072
120.555323,0.00000071
120.531351,0.00000071
120.507379,0.00000071
120.483408,0.00000070
120.459436,0.00000070
120.435464,0.00000069
120.411492,0.00000069
120.387520,0.00000069
120.363548,0.00000068
120.339577,0.00000068
120.315605,0.00000068
120.291633,0.00000067
120.267661,0.00000067
120.243689,0.00000067
120.219717,0.00000066
120.195745,0.00000066
120.171774,0.00000065
120.147802,0.00000065
120.123830,0.00000065
120.099858,0.00000064
120.075886,0.00000064
120.051914,0.00000064
120.027943,0.00000063
120.003971,0.00000063
119.979999,0.00000063
119.956027,0.00000062
119.932055,0.00000062
119.908083,0.00000062
119.884112,0.00000062
119.860140,0.00000061
119.836168,0.00000061
119.812196,0.00000061
119.788224,0.00000060
119.764252,0.00000060
119.740281,0.00000060
119.716309,0.00000059
119.692337,0.00000059
119.668365,0.00000059
119.644393,0.00000059
119.620421,0.00000058
119.596450,0.00000058
119.572478,0.00000058
119.548506,0.00000057
119.524534,0.00000057
119.500562,0.00000057
119.476590,0.00000057
119.452619,0.00000056
119.428647,0.00000056
119.404675,0.00000056
119.380703,0.00000055
119.356731,0.00000055
119.332759,0.00000055
119.308787,0.00000055
119.284816,0.00000054
119.260844,0.00000054
119.236872,0.00000054
119.212900,0.00000054
119.188928,0.00000053
119.164956,0.00000053
119.140985,0.00000053
119.117013,0.00000053
119.093041,0.00000052
119.069069,0.00000052
119.045097,0.00000052
119.021125,0.00000052
118.997154,0.00000051
118.973182,0.00000051
118.949210,0.00000051
118.925238,0.00000051
118.901266,0.00000051
118.877294,0.00000050
118.853323,0.00000050
118.829351,0.00000050
118.805379,0.00000050
118.781407,0.00000049
118.757435,0.00000049
118.733463,0.00000049
118.709492,0.00000049
118.685520,0.00000049
118.661548,0.00000048
118.637576,0.00000048
118.613604,0.00000048
118.589632,0.00000048
118.565661,0.00000047
118.541689,0.00000047
118.517717,0.00000047
118.493745,0.00000047
118.469773,0.00000047
118.445801,0.00000046
118.421829,0.00000046
118.397858,0.00000046
118.373886,0.00000046
118.349914,0.00000046
118.325942,0.00000045
118.301970,0.00000045
118.277998,0.00000045
118.254027,0.00000045
118.230055,0.00000045
118.206083,0.00000044
118.182111,0.00000044
118.158139,0.00000044
118.134167,0.00000044
118.110196,0.00000044
118.086224,0.00000044
118.062252,0.00000043
118.038280,0.00000043
118.014308,0.00000043
117.990336,0.00000043
117.966365,0.00000043
117.942393,0.00000042
117.918421,0.00000042
117.894449,0.00000042
117.870477,0.00000042
117.846505,0.00000042
117.822534,0.00000042
117.798562,0.00000041
117.774590,0.00000041
117.750618,0.00000041
117.726646,0.00000041
117.702674,0.00000041
117.678703,0.00000041
117.654731,0.00000040
117.630759,0.00000040
117.606787,0.00000040
117.582815,0.00000040
117.558843,0.00000040
117.534871,0.00000040
117.510900,0.00000039
117.486928,0.00000039
117.462956,0.00000039
117.438984,0.00000039
117.415012,0.00000039
117.391040,0.00000039
117.367069,0.00000038
117.343097,0.00000038
117.319125,0.00000038
117.295153,0.00000038
117.271181,0.00000038
117.247209,0.00000038
117.223238,0.00000038
117.199266,0.00000037
117.175294,0.00000037
117.151322,0.00000037
117.127350,0.00000037
117.103378,0.00000037
117.079407,0.00000037
117.055435,0.00000037
117.031463,0.00000036
117.007491,0.00000036
116.983519,0.00000036
116.959547,0.00000036
116.935576,0.00000036
116.911604,0.00000036
116.887632,0.00000036
116.863660,0.00000035
116.839688,0.00000035
116.815716,0.00000035
116.791745,0.00000035
116.767773,0.00000035
116.743801,0.00000035
116.719829,0.00000035
116.695857,0.00000035
116.671885,0.00000034
116.647913,0.00000034
116.623942,0.00000034
116.599970,0.00000034
116.575998,0.00000034
116.552026,0.00000034
116.528054,0.00000034
116.504082,0.00000034
116.480111,0.00000033
116.456139,0.00000033
116.432167,0.00000033
116.408195,0.00000033
116.384223,0.00000033
116.360251,0.00000033
116.336280,0.00000033
116.312308,0.00000033
116.288336,0.00000032
116.264364,0.00000032
116.240392,0.00000032
116.216420,0.00000032
116.192449,0.00000032
116.168477,0.00000032
116.144505,0.00000032
116.120533,0.00000032
116.096561,0.00000032
116.072589,0.00000031
116.048618,0.00000031
116.024646,0.00000031
116.000674,0.00000031
115.976702,0.00000031
115.952730,0.00000031
115.928758,0.00000031
115.904787,0.00000031
115.880815,0.00000031
115.856843,0.00000030
115.832871,0.00000030
115.808899,0.00000030
115.784927,0.00000030
115.760955,0.00000030
115.736984,0.00000030
115.713012,0.00000030
115.689040,0.00000030
115.665068,0.00000030
115.641096,0.00000029
115.617124,0.00000029
115.593153,0.00000029
115.569181,0.00000029
115.545209,0.00000029
115.521237,0.00000029
115.497265,0.00000029
115.473293,0.00000029
115.449322,0.00000029
115.425350,0.00000029
115.401378,0.00000028
115.377406,0.00000028
115.353434,0.00000028
115.329462,0.00000028
115.305491,0.00000028
115.281519,0.00000028
115.257547,0.00000028
115.233575,0.00000028
115.209603,0.00000028
115.185631,0.00000028
115.161660,0.00000028
115.137688,0.00000027
115.113716,0.00000027
115.089744,0.00000027
115.065772,0.00000027
115.041800,0.00000027
115.017829,0.00000027
114.993857,0.00000027
114.969885,0.00000027
114.945913,0.00000027
114.921941,0.00000027
114.897969,0.00000027
114.873997,0.00000026
114.850026,0.00000026
114.826054,0.00000026
114.802082,0.00000026
114.778110,0.00000026
114.754138,0.00000026
114.730166,0.00000026
114.706195,0.00000026
114.682223,0.00000026
114.658251,0.00000026
114.634279,0.00000026
114.610307,0.00000026
114.586335,0.00000025
114.562364,0.00000025
114.538392,0.00000025
114.514420,0.00000025
114.490448,0.00000025
114.466476,0.00000025
114.442504,0.00000025
114.418533,0.00000025
114.394561,0.00000025
114.370589,0.00000025
114.346617,0.00000025
114.322645,0.00000025
114.298673,0.00000025
114.274702,0.00000024
114.250730,0.00000024
114.226758,0.00000024
114.202786,0.00000024
114.178814,0.00000024
114.154842,0.00000024
114.130871,0.00000024
114.106899,0.00000024
114.082927,0.00000024
114.058955,0.00000024
114.034983,0.00000024
114.011011,0.00000024
113.987039,0.00000024
113.963068,0.00000023
113.939096,0.00000023
113.915124,0.00000023
113.891152,0.00000023
113.867180,0.00000023
113.843208,0.00000023
113.819237,0.00000023
113.795265,0.00000023
113.771293,0.00000023
113.747321,0.00000023
113.723349,0.00000023
113.699377,0.00000023
113.675406,0.00000023
113.651434,0.00000023
113.627462,0.00000023
113.603490,0.00000022
113.579518,0.00000022
113.555546,0.00000022
113.531575,0.00000022
113.507603,0.00000022
113.483631,0.00000022
113.459659,0.00000022
113.435687,0.00000022
113.411715,0.00000022
113.387744,0.00000022
113.363772,0.00000022
113.339800,0.00000022
113.315828,0.00000022
113.291856,0.00000022
113.267884,0.00000022
113.243913,0.00000021
113.219941,0.00000021
113.195969,0.00000021
113.171997,0.00000021
113.148025,0.00000021
113.124053,0.00000021
113.100081,0.00000021
113.076110,0.00000021
113.052138,0.00000021
113.028166,0.00000021
113.004194,0.00000021
112.980222,0.00000021
112.956250,0.00000021
112.932279,0.00000021
112.908307,0.00000021
112.884335,0.00000021
112.860363,0.00000021
112.836391,0.00000020
112.812419,0.00000020
112.788448,0.00000020
112.764476,0.00000020
112.740504,0.00000020
112.716532,0.00000020
112.692560,0.00000020
112.668588,0.00000020
112.644617,0.00000020
112.620645,0.00000020
112.596673,0.00000020
112.572701,0.00000020
112.548729,0.00000020
112.524757,0.00000020
112.500786,0.00000020
112.476814,0.00000020
112.452842,0.00000020
112.428870,0.00000020
112.404898,0.00000019
112.380926,0.00000019
112.356955,0.00000019
112.332983,0.00000019
112.309011,0.00000019
112.285039,0.00000019
112.261067,0.00000019
112.237095,0.00000019
112.213123,0.00000019
112.189152,0.00000019
112.165180,0.00000019
112.141208,0.00000019
112.117236,0.00000019
112.093264,0.00000019
112.069292,0.00000019
112.045321,0.00000019
112.021349,0.00000019
111.997377,0.00000019
111.973405,0.00000019
111.949433,0.00000018
111.925461,0.00000018
111.901490,0.00000018
111.877518,0.00000018
111.853546,0.00000018
111.829574,0.00000018
111.805602,0.00000018
111.781630,0.00000018
111.757659,0.00000018
111.733687,0.00000018
111.709715,0.00000018
111.685743,0.00000018
111.661771,0.00000018
111.637799,0.00000018
111.613828,0.00000018
111.589856,0.00000018
111.565884,0.00000018
111.541912,0.00000018
111.517940,0.00000018
111.493968,0.00000018
111.469997,0.00000018
111.446025,0.00000017
111.422053,0.00000017
111.398081,0.00000017
111.374109,0.00000017
111.350137,0.00000017
111.326165,0.00000017
111.302194,0.00000017
111.278222,0.00000017
111.254250,0.00000017
111.230278,0.00000017
111.206306,0.00000017
111.182334,0.00000017
111.158363,0.00000017
111.134391,0.00000017
111.110419,0.00000017
111.086447,0.00000017
111.062475,0.00000017
111.038503,0.00000017
111.014532,0.00000017
110.990560,0.00000017
110.966588,0.00000017
110.942616,0.00000017
110.918644,0.00000017
110.894672,0.00000016
110.870701,0.00000016
110.846729,0.00000016
110.822757,0.00000016
110.798785,0.00000016
110.774813,0.00000016
110.750841,0.00000016
110.726870,0.00000016
110.702898,0.00000016
110.678926,0.00000016
110.654954,0.00000016
110.630982,0.00000016
110.607010,0.00000016
110.583039,0.00000016
110.559067,0.00000016
110.535095,0.00000016
110.511123,0.00000016
110.487151,0.00000016
110.463179,0.00000016
110.439207,0.00000016
110.415236,0.00000016
110.391264,0.00000016
110.367292,0.00000016
110.343320,0.00000016
110.319348,0.00000016
110.295376,0.00000015
110.271405,0.00000015
110.247433,0.00000015
110.223461,0.00000015
110.199489,0.00000015
110.175517,0.00000015
110.151545,0.00000015
110.127574,0.00000015
110.103602,0.00000015
110.079630,0.00000015
110.055658,0.00000015
110.031686,0.00000015
110.007714,0.00000015
109.983743,0.00000015
109.959771,0.00000015
109.935799,0.00000015
109.911827,0.00000015
109.887855,0.00000015
109.863883,0.00000015
109.839912,0.00000015
109.815940,0.00000015
109.791968,0.00000015
109.767996,0.00000015
109.744024,0.00000015
109.720052,0.00000015
109.696080,0.00000015
109.672109,0.00000015
109.648137,0.00000015
109.624165,0.00000014
109.600193,0.00000014
109.576221,0.00000014
109.552249,0.00000014
109.528278,0.00000014
109.504306,0.00000014
109.480334,0.00000014
109.456362,0.00000014
109.432390,0.00000014
109.408418,0.00000014
109.384447,0.00000014
109.360475,0.00000014
109.336503,0.00000014
109.312531,0.00000014
109.288559,0.00000014
109.264587,0.00000014
109.240616,0.00000014
109.216644,0.00000014
109.192672,0.00000014
109.168700,0.00000014
109.144728,0.00000014
109.120756,0.00000014
109.096785,0.00000014
109.072813,0.00000014
109.048841,0.00000014
109.024869,0.00000014
109.000897,0.00000014
108.976925,0.00000014
108.952954,0.00000014
108.928982,0.00000014
108.905010,0.00000014
108.881038,0.00000014
108.857066,0.00000013
108.833094,0.00000013
108.809122,0.00000013
108.785151,0.00000013
108.761179,0.00000013
108.737207,0.00000013
108.713235,0.00000013
108.689263,0.00000013
108.665291,0.00000013
108.641320,0.00000013
108.617348,0.00000013
108.593376,0.00000013
108.569404,0.00000013
108.545432,0.00000013
108.521460,0.00000013
108.497489,0.00000013
108.473517,0.00000013
108.449545,0.00000013
108.425573,0.00000013
108.401601,0.00000013
108.377629,0.00000013
108.353658,0.00000013
108.329686,0.00000013
108.305714,0.00000013
108.281742,0.00000013
108.257770,0.00000013
108.233798,0.00000013
108.209827,0.00000013
108.185855,0.00000013
108.161883,0.00000013
108.137911,0.00000013
108.113939,0.00000013
108.089967,0.00000013
108.065996,0.00000013
108.042024,0.00000013
108.018052,0.00000012
107.994080,0.00000012
107.970108,0.00000012
107.946136,0.00000012
107.922164,0.00000012
107.898193,0.00000012
107.874221,0.00000012
107.850249,0.00000012
107.826277,0.00000012
107.802305,0.00000012
107.778333,0.00000012
107.754362,0.00000012
107.730390,0.00000012
107.706418,0.00000012
107.682446,0.00000012
107.658474,0.00000012
107.634502,0.00000012
107.610531,0.00000012
107.586559,0.00000012
107.562587,0.00000012
107.538615,0.00000012
107.514643,0.00000012
107.490671,0.00000012
107.466700,0.00000012
107.442728,0.00000012
107.418756,0.00000012
107.394784,0.00000012
107.370812,0.00000012
107.346840,0.00000012
107.322869,0.00000012
107.298897,0.00000012
107.274925,0.00000012
107.250953,0.00000012
107.226981,0.00000012
107.203009,0.00000012
107.179038,0.00000012
107.155066,0.00000012
107.131094,0.00000012
107.107122,0.00000012
107.083150,0.00000012
107.059178,0.00000011
107.035206,0.00000011
107.011235,0.00000011
106.987263,0.00000011
106.963291,0.00000011
106.939319,0.00000011
106.915347,0.00000011
106.891375,0.00000011
106.867404,0.00000011
106.843432,0.00000011
106.819460,0.00000011
106.795488,0.00000011
106.771516,0.00000011
106.747544,0.00000011
106.723573,0.00000011
106.699601,0.00000011
106.675629,0.00000011
106.651657,0.00000011
106.627685,0.00000011
106.603713,0.00000011
106.579742,0.00000011
106.555770,0.00000011
106.531798,0.00000011
106.507826,0.00000011
106.483854,0.00000011
106.459882,0.00000011
106.435911,0.00000011
106.411939,0.00000011
106.387967,0.00000011
106.363995,0.00000011
106.340023,0.00000011
106.316051,0.00000011
106.292080,0.00000011
106.268108,0.00000011
106.244136,0.00000011
106.220164,0.00000011
106.196192,0.00000011
106.172220,0.00000011
106.148248,0.00000011
106.124277,0.00000011
106.100305,0.00000011
106.076333,0.00000011
106.052361,0.00000011
106.028389,0.00000011
106.004417,0.00000011
105.980446,0.00000011
105.956474,0.00000010
105.932502,0.00000010
105.908530,0.00000010
105.884558,0.00000010
105.860586,0.00000010
105.836615,0.00000010
105.812643,0.00000010
105.788671,0.00000010
105.764699,0.00000010
105.740727,0.00000010
105.716755,0.00000010
105.692784,0.00000010
105.668812,0.00000010
105.644840,0.00000010
105.620868,0.00000010
105.596896,0.00000010
105.572924,0.00000010
105.548953,0.00000010
105.524981,0.00000010
105.501009,0.00000010
105.477037,0.00000010
105.453065,0.00000010
105.429093,0.00000010
105.405122,0.00000010
105.381150,0.00000010
105.357178,0.00000010
105.333206,0.00000010
105.309234,0.00000010
105.285262,0.00000010
105.261290,0.00000010
105.237319,0.00000010
105.213347,0.00000010
105.189375,0.00000010
105.165403,0.00000010
105.141431,0.00000010
105.117459,0.00000010
105.093488,0.00000010
105.069516,0.00000010
105.045544,0.00000010
105.021572,0.00000010
104.997600,0.00000010
104.973628,0.00000010
104.949657,0.00000010
104.925685,0.00000010
104.901713,0.00000010
104.877741,0.00000010
104.853769,0.00000010
104.829797,0.00000010
104.805826,0.00000010
104.781854,0.00000010
104.757882,0.00000010
104.733910,0.00000010
104.709938,0.00000010
104.685966,0.00000010
104.661995,0.00000009
104.638023,0.00000009
104.614051,0.00000009
104.590079,0.00000009
104.566107,0.00000009
104.542135,0.00000009
104.518164,0.00000009
104.494192,0.00000009
104.470220,0.00000009
104.446248,0.00000009
104.422276,0.00000009
104.398304,0.00000009
104.374332,0.00000009
104.350361,0.00000009
104.326389,0.00000009
104.302417,0.00000009
104.278445,0.00000009
104.254473,0.00000009
104.230501,0.00000009
104.206530,0.00000009
104.182558,0.00000009
104.158586,0.00000009
104.134614,0.00000009
104.110642,0.00000009
104.086670,0.00000009
104.062699,0.00000009
104.038727,0.00000009
104.014755,0.00000009
103.990783,0.00000009
103.966811,0.00000009
103.942839,0.00000009
103.918868,0.00000009
103.894896,0.00000009
103.870924,0.00000009
103.846952,0.00000009
103.822980,0.00000009
103.799008,0.00000009
103.775037,0.00000009
103.751065,0.00000009
103.727093,0.00000009
103.703121,0.00000009
103.679149,0.00000009
103.655177,0.00000009
103.631206,0.00000009
103.607234,0.00000009
103.583262,0.00000009
103.559290,0.00000009
103.535318,0.00000009
103.511346,0.00000009
103.487374,0.00000009
103.463403,0.00000009
103.439431,0.00000009
103.415459,0.00000009
103.391487,0.00000009
103.367515,0.00000009
103.343543,0.00000009
103.319572,0.00000009
103.295600,0.00000009
103.271628,0.00000009
103.247656,0.00000009
103.223684,0.00000009
103.199712,0.00000009
103.175741,0.00000009
103.151769,0.00000009
103.127797,0.00000009
103.103825,0.00000008
103.079853,0.00000008
103.055881,0.00000008
103.031910,0.00000008
103.007938,0.00000008
102.983966,0.00000008
102.959994,0.00000008
102.936022,0.00000008
102.912050,0.00000008
102.888079,0.00000008
102.864107,0.00000008
102.840135,0.00000008
102.816163,0.00000008
102.792191,0.00000008
102.768219,0.00000008
102.744248,0.00000008
102.720276,0.00000008
102.696304,0.00000008
102.672332,0.00000008
102.648360,0.00000008
102.624388,0.00000008
102.600416,0.00000008
102.576445,0.00000008
102.552473,0.00000008
102.528501,0.00000008
102.504529,0.00000008
102.480557,0.00000008
102.456585,0.00000008
102.432614,0.00000008
102.408642,0.00000008
102.384670,0.00000008
102.360698,0.00000008
102.336726,0.00000008
102.312754,0.00000008
102.288783,0.00000008
102.264811,0.00000008
102.240839,0.00000008
102.216867,0.00000008
102.192895,0.00000008
102.168923,0.00000008
102.144952,0.00000008
102.120980,0.00000008
102.097008,0.00000008
102.073036,0.00000008
102.049064,0.00000008
102.025092,0.00000008
102.001121,0.00000008
101.977149,0.00000008
101.953177,0.00000008
101.929205,0.00000008
101.905233,0.00000008
101.881261,0.00000008
101.857290,0.00000008
101.833318,0.00000008
101.809346,0.00000008
101.785374,0.00000008
101.761402,0.00000008
101.737430,0.00000008
101.713458,0.00000008
101.689487,0.00000008
101.665515,0.00000008
101.641543,0.00000008
101.617571,0.00000008
101.593599,0.00000008
101.569627,0.00000008
101.545656,0.00000008
101.521684,0.00000008
101.497712,0.00000008
101.473740,0.00000008
101.449768,0.00000008
101.425796,0.00000008
101.401825,0.00000008
101.377853,0.00000008
101.353881,0.00000008
101.329909,0.00000008
101.305937,0.00000008
101.281965,0.00000008
101.257994,0.00000008
101.234022,0.00000008
101.210050,0.00000007
101.186078,0.00000007
101.162106,0.00000007
101.138134,0.00000007
101.114163,0.00000007
101.090191,0.00000007
101.066219,0.00000007
101.042247,0.00000007
101.018275,0.00000007
100.994303,0.00000007
100.970332,0.00000007
100.946360,0.00000007
100.922388,0.00000007
100.898416,0.00000007
100.874444,0.00000007
100.850472,0.00000007
100.826500,0.00000007
100.802529,0.00000007
100.778557,0.00000007
100.754585,0.00000007
100.730613,0.00000007
100.706641,0.00000007
100.682669,0.00000007
100.658698,0.00000007
100.634726,0.00000007
100.610754,0.00000007
100.586782,0.00000007
100.562810,0.00000007
100.538838,0.00000007
100.514867,0.00000007
100.490895,0.00000007
100.466923,0.00000007
100.442951,0.00000007
100.418979,0.00000007
100.395007,0.00000007
100.371036,0.00000007
100.347064,0.00000007
100.323092,0.00000007
100.299120,0.00000007
100.275148,0.00000007
100.251176,0.00000007
100.227205,0.00000007
100.203233,0.00000007
100.179261,0.00000007
100.155289,0.00000007
100.131317,0.00000007
100.107345,0.00000007
100.083374,0.00000007
100.059402,0.00000007
100.035430,0.00000007
100.011458,0.00000007
99.987486,0.00000007
99.963514,0.00000007
99.939542,0.00000007
99.915571,0.00000007
99.891599,0.00000007
99.867627,0.00000007
99.843655,0.00000007
99.819683,0.00000007
99.795711,0.00000007
99.771740,0.00000007
99.747768,0.00000007
99.723796,0.00000007
99.699824,0.00000007
99.675852,0.00000007
99.651880,0.00000007
99.627909,0.00000007
99.603937,0.00000007
99.579965,0.00000007
99.555993,0.00000007
99.532021,0.00000007
99.508049,0.00000007
99.484078,0.00000007
99.460106,0.00000007
99.436134,0.00000007
99.412162,0.00000007
99.388190,0.00000007
99.364218,0.00000007
99.340247,0.00000007
99.316275,0.00000007
99.292303,0.00000007
99.268331,0.00000007
99.244359,0.00000007
99.220387,0.00000007
99.196416,0.00000007
99.172444,0.00000007
99.148472,0.00000007
99.124500,0.00000007
99.100528,0.00000007
99.076556,0.00000007
99.052584,0.00000007
99.028613,0.00000007
99.004641,0.00000007
98.980669,0.00000007
98.956697,0.00000007
98.932725,0.00000007
98.908753,0.00000007
98.884782,0.00000007
98.860810,0.00000007
98.836838,0.00000007
98.812866,0.00000007
98.788894,0.00000006
98.764922,0.00000006
98.740951,0.00000006
98.716979,0.00000006
98.693007,0.00000006
98.669035,0.00000006
98.645063,0.00000006
98.621091,0.00000006
98.597120,0.00000006
98.573148,0.00000006
98.549176,0.00000006
98.525204,0.00000006
98.501232,0.00000006
98.477260,0.00000006
98.453289,0.00000006
98.429317,0.00000006
98.405345,0.00000006
98.381373,0.00000006
98.357401,0.00000006
98.333429,0.00000006
98.309458,0.00000006
98.285486,0.00000006
98.261514,0.00000006
98.237542,0.00000006
98.213570,0.00000006
98.189598,0.00000006
98.165626,0.00000006
98.141655,0.00000006
98.117683,0.00000006
98.093711,0.00000006
98.069739,0.00000006
98.045767,0.00000006
98.021795,0.00000006
97.997824,0.00000006
97.973852,0.00000006
97.949880,0.00000006
97.925908,0.00000006
97.901936,0.00000006
97.877964,0.00000006
97.853993,0.00000006
97.830021,0.00000006
97.806049,0.00000006
97.782077,0.00000006
97.758105,0.00000006
97.734133,0.00000006
97.710162,0.00000006
97.686190,0.00000006
97.662218,0.00000006
97.638246,0.00000006
97.614274,0.00000006
97.590302,0.00000006
97.566331,0.00000006
97.542359,0.00000006
97.518387,0.00000006
97.494415,0.00000006
97.470443,0.00000006
97.446471,0.00000006
97.422500,0.00000006
97.398528,0.00000006
97.374556,0.00000006
97.350584,0.00000006
97.326612,0.00000006
97.302640,0.00000006
97.278668,0.00000006
97.254697,0.00000006
97.230725,0.00000006
97.206753,0.00000006
97.182781,0.00000006
97.158809,0.00000006
97.134837,0.00000006
97.110866,0.00000006
97.086894,0.00000006
97.062922,0.00000006
97.038950,0.00000006
97.014978,0.00000006
96.991006,0.00000006
96.967035,0.00000006
96.943063,0.00000006
96.919091,0.00000006
96.895119,0.00000006
96.871147,0.00000006
96.847175,0.00000006
96.823204,0.00000006
96.799232,0.00000006
96.775260,0.00000006
96.751288,0.00000006
96.727316,0.00000006
96.703344,0.00000006
96.679373,0.00000006
96.655401,0.00000006
96.631429,0.00000006
96.607457,0.00000006
96.583485,0.00000006
96.559513,0.00000006
96.535542,0.00000006
96.511570,0.00000006
96.487598,0.00000006
96.463626,0.00000006
96.439654,0.00000006
96.415682,0.00000006
96.391710,0.00000006
96.367739,0.00000006
96.343767,0.00000006
96.319795,0.00000006
96.295823,0.00000006
96.271851,0.00000006
96.247879,0.00000006
96.223908,0.00000006
96.199936,0.00000006
96.175964,0.00000006
96.151992,0.00000006
96.128020,0.00000006
96.104048,0.00000006
96.080077,0.00000006
96.056105,0.00000006
96.032133,0.00000006
96.008161,0.00000006
95.984189,0.00000006
95.960217,0.00000006
95.936246,0.00000006
95.912274,0.00000006
95.888302,0.00000006
95.864330,0.00000006
95.840358,0.00000006
95.816386,0.00000006
95.792415,0.00000006
95.768443,0.00000006
95.744471,0.00000006
95.720499,0.00000006
95.696527,0.00000006
95.672555,0.00000006
95.648583,0.00000006
95.624612,0.00000006
95.600640,0.00000006
95.576668,0.00000006
95.552696,0.00000005
95.528724,0.00000005
95.504752,0.00000005
95.480781,0.00000005
95.456809,0.00000005
95.432837,0.00000005
95.408865,0.00000005
95.384893,0.00000005
95.360921,0.00000005
95.336950,0.00000005
95.312978,0.00000005
95.289006,0.00000005
95.265034,0.00000005
95.241062,0.00000005
95.217090,0.00000005
95.193119,0.00000005
95.169147,0.00000005
95.145175,0.00000005
95.121203,0.00000005
95.097231,0.00000005
95.073259,0.00000005
95.049288,0.00000005
95.025316,0.00000005
95.001344,0.00000005
94.977372,0.00000005
94.953400,0.00000005
94.929428,0.00000005
94.905457,0.00000005
94.881485,0.00000005
94.857513,0.00000005
94.833541,0.00000005
94.809569,0.00000005
94.785597,0.00000005
94.761625,0.00000005
94.737654,0.00000005
94.713682,0.00000005
94.689710,0.00000005
94.665738,0.00000005
94.641766,0.00000005
94.617794,0.00000005
94.593823,0.00000005
94.569851,0.00000005
94.545879,0.00000005
94.521907,0.00000005
94.497935,0.00000005
94.473963,0.00000005
94.449992,0.00000005
94.426020,0.00000005
94.402048,0.00000005
94.378076,0.00000005
94.354104,0.00000005
94.330132,0.00000005
94.306161,0.00000005
94.282189,0.00000005
94.258217,0.00000005
94.234245,0.00000005
94.210273,0.00000005
94.186301,0.00000005
94.162330,0.00000005
94.138358,0.00000005
94.114386,0.00000005
94.090414,0.00000005
94.066442,0.00000005
94.042470,0.00000005
94.018499,0.00000005
93.994527,0.00000005
93.970555,0.00000005
93.946583,0.00000005
93.922611,0.00000005
93.898639,0.00000005
93.874667,0.00000005
93.850696,0.00000005
93.826724,0.00000005
93.802752,0.00000005
93.778780,0.00000005
93.754808,0.00000005
93.730836,0.00000005
93.706865,0.00000005
93.682893,0.00000005
93.658921,0.00000005
93.634949,0.00000005
93.610977,0.00000005
93.587005,0.00000005
93.563034,0.00000005
93.539062,0.00000005
93.515090,0.00000005
93.491118,0.00000005
93.467146,0.00000005
93.443174,0.00000005
93.419203,0.00000005
93.395231,0.00000005
93.371259,0.00000005
93.347287,0.00000005
93.323315,0.00000005
93.299343,0.00000005
93.275372,0.00000005
93.251400,0.00000005
93.227428,0.00000005
93.203456,0.00000005
93.179484,0.00000005
93.155512,0.00000005
93.131541,0.00000005
93.107569,0.00000005
93.083597,0.00000005
93.059625,0.00000005
93.035653,0.00000005
93.011681,0.00000005
92.987709,0.00000005
92.963738,0.00000005
92.939766,0.00000005
92.915794,0.00000005
92.891822,0.00000005
92.867850,0.00000005
92.843878,0.00000005
92.819907,0.00000005
92.795935,0.00000005
92.771963,0.00000005
92.747991,0.00000005
92.724019,0.00000005
92.700047,0.00000005
92.676076,0.00000005
92.652104,0.00000005
92.628132,0.00000005
92.604160,0.00000005
92.580188,0.00000005
92.556216,0.00000005
92.532245,0.00000005
92.508273,0.00000005
92.484301,0.00000005
92.460329,0.00000005
92.436357,0.00000005
92.412385,0.00000005
92.388414,0.00000005
92.364442,0.00000005
92.340470,0.00000005
92.316498,0.00000005
92.292526,0.00000005
92.268554,0.00000005
92.244583,0.00000005
92.220611,0.00000005
92.196639,0.00000005
92.172667,0.00000005
92.148695,0.00000005
92.124723,0.00000005
92.100751,0.00000005
92.076780,0.00000005
92.052808,0.00000005
92.028836,0.00000005
92.004864,0.00000005
91.980892,0.00000005
91.956920,0.00000005
91.932949,0.00000005
91.908977,0.00000005
91.885005,0.00000005
91.861033,0.00000005
91.837061,0.00000005
91.813089,0.00000005
91.789118,0.00000005
91.765146,0.00000005
91.741174,0.00000005
91.717202,0.00000005
91.693230,0.00000005
91.669258,0.00000005
91.645287,0.00000005
91.621315,0.00000005
91.597343,0.00000005
91.573371,0.00000005
91.549399,0.00000005
91.525427,0.00000005
91.501456,0.00000005
91.477484,0.00000005
91.453512,0.00000005
91.429540,0.00000005
91.405568,0.00000005
91.381596,0.00000005
91.357625,0.00000005
91.333653,0.00000005
91.309681,0.00000005
91.285709,0.00000005
91.261737,0.00000005
91.237765,0.00000005
91.213793,0.00000005
91.189822,0.00000005
91.165850,0.00000005
91.141878,0.00000005
91.117906,0.00000005
91.093934,0.00000005
91.069962,0.00000005
91.045991,0.00000005
91.022019,0.00000005
90.998047,0.00000005
90.974075,0.00000005
90.950103,0.00000005
90.926131,0.00000005
90.902160,0.00000005
90.878188,0.00000005
90.854216,0.00000005
90.830244,0.00000005
90.806272,0.00000005
90.782300,0.00000005
90.758329,0.00000005
90.734357,0.00000004
90.710385,0.00000004
90.686413,0.00000004
90.662441,0.00000004
90.638469,0.00000004
90.614498,0.00000004
90.590526,0.00000004
90.566554,0.00000004
90.542582,0.00000004
90.518610,0.00000004
90.494638,0.00000004
90.470667,0.00000004
90.446695,0.00000004
90.422723,0.00000004
90.398751,0.00000004
90.374779,0.00000004
90.350807,0.00000004
90.326835,0.00000004
90.302864,0.00000004
90.278892,0.00000004
90.254920,0.00000004
90.230948,0.00000004
90.206976,0.00000004
90.183004,0.00000004
90.159033,0.00000004
90.135061,0.00000004
90.111089,0.00000004
90.087117,0.00000004
90.063145,0.00000004
90.039173,0.00000004
90.015202,0.00000004
89.991230,0.00000004
89.967258,0.00000004
89.943286,0.00000004
89.919314,0.00000004
89.895342,0.00000004
89.871371,0.00000004
89.847399,0.00000004
89.823427,0.00000004
89.799455,0.00000004
89.775483,0.00000004
89.751511,0.00000004
89.727540,0.00000004
89.703568,0.00000004
89.679596,0.00000004
89.655624,0.00000004
89.631652,0.00000004
89.607680,0.00000004
89.583709,0.00000004
89.559737,0.00000004
89.535765,0.00000004
89.511793,0.00000004
89.487821,0.00000004
89.463849,0.00000004
89.439877,0.00000004
89.415906,0.00000004
89.391934,0.00000004
89.367962,0.00000004
89.343990,0.00000004
89.320018,0.00000004
89.296046,0.00000004
89.272075,0.00000004
89.248103,0.00000004
89.224131,0.00000004
89.200159,0.00000004
89.176187,0.00000004
89.152215,0.00000004
89.128244,0.00000004
89.104272,0.00000004
89.080300,0.00000004
89.056328,0.00000004
89.032356,0.00000004
89.008384,0.00000004
88.984413,0.00000004
88.960441,0.00000004
88.936469,0.00000004
88.912497,0.00000004
88.888525,0.00000004
88.864553,0.00000004
88.840582,0.00000004
88.816610,0.00000004
88.792638,0.00000004
88.768666,0.00000004
88.744694,0.00000004
88.720722,0.00000004
88.696751,0.00000004
88.672779,0.00000004
88.648807,0.00000004
88.624835,0.00000004
88.600863,0.00000004
88.576891,0.00000004
88.552919,0.00000004
88.528948,0.00000004
88.504976,0.00000004
88.481004,0.00000004
88.457032,0.00000004
88.433060,0.00000004
88.409088,0.00000004
88.385117,0.00000004
88.361145,0.00000004
88.337173,0.00000004
88.313201,0.00000004
88.289229,0.00000004
88.265257,0.00000004
88.241286,0.00000004
88.217314,0.00000004
88.193342,0.00000004
88.169370,0.00000004
88.145398,0.00000004
88.121426,0.00000004
88.097455,0.00000004
88.073483,0.00000004
88.049511,0.00000004
88.025539,0.00000004
88.001567,0.00000004
87.977595,0.00000004
87.953624,0.00000004
87.929652,0.00000004
87.905680,0.00000004
87.881708,0.00000004
87.857736,0.00000004
87.833764,0.00000004
87.809793,0.00000004
87.785821,0.00000004
87.761849,0.00000004
87.737877,0.00000004
87.713905,0.00000004
87.689933,0.00000004
87.665961,0.00000004
87.641990,0.00000004
87.618018,0.00000004
87.594046,0.00000004
87.570074,0.00000004
87.546102,0.00000004
87.522130,0.00000004
87.498159,0.00000004
87.474187,0.00000004
87.450215,0.00000004
87.426243,0.00000004
87.402271,0.00000004
87.378299,0.00000004
87.354328,0.00000004
87.330356,0.00000004
87.306384,0.00000004
87.282412,0.00000004
87.258440,0.00000004
87.234468,0.00000004
87.210497,0.00000004
87.186525,0.00000004
87.162553,0.00000004
87.138581,0.00000004
87.114609,0.00000004
87.090637,0.00000004
87.066666,0.00000004
87.042694,0.00000004
87.018722,0.00000004
86.994750,0.00000004
86.970778,0.00000004
86.946806,0.00000004
86.922835,0.00000004
86.898863,0.00000004
86.874891,0.00000004
86.850919,0.00000004
86.826947,0.00000004
86.802975,0.00000004
86.779003,0.00000004
86.755032,0.00000004
86.731060,0.00000004
86.707088,0.00000004
86.683116,0.00000004
86.659144,0.00000004
86.635172,0.00000004
86.611201,0.00000004
86.587229,0.00000004
86.563257,0.00000004
86.539285,0.00000004
86.515313,0.00000004
86.491341,0.00000004
86.467370,0.00000004
86.443398,0.00000004
86.419426,0.00000004
86.395454,0.00000004
86.371482,0.00000004
86.347510,0.00000004
86.323539,0.00000004
86.299567,0.00000004
86.275595,0.00000004
86.251623,0.00000004
86.227651,0.00000004
86.203679,0.00000004
86.179708,0.00000004
86.155736,0.00000004
86.131764,0.00000004
86.107792,0.00000004
86.083820,0.00000004
86.059848,0.00000004
86.035877,0.00000004
86.011905,0.00000004
85.987933,0.00000004
85.963961,0.00000004
85.939989,0.00000004
85.916017,0.00000004
85.892045,0.00000004
85.868074,0.00000004
85.844102,0.00000004
85.820130,0.00000004
85.796158,0.00000004
85.772186,0.00000004
85.748214,0.00000004
85.724243,0.00000004
85.700271,0.00000004
85.676299,0.00000004
85.652327,0.00000004
85.628355,0.00000004
85.604383,0.00000004
85.580412,0.00000004
85.556440,0.00000004
85.532468,0.00000004
85.508496,0.00000004
85.484524,0.00000004
85.460552,0.00000004
85.436581,0.00000004
85.412609,0.00000004
85.388637,0.00000004
85.364665,0.00000004
85.340693,0.00000004
85.316721,0.00000004
85.292750,0.00000004
85.268778,0.00000004
85.244806,0.00000004
85.220834,0.00000004
85.196862,0.00000004
85.172890,0.00000004
85.148919,0.00000004
85.124947,0.00000004
85.100975,0.00000004
85.077003,0.00000004
85.053031,0.00000004
85.029059,0.00000004
85.005087,0.00000004
84.981116,0.00000004
84.957144,0.00000004
84.933172,0.00000004
84.909200,0.00000004
84.885228,0.00000004
84.861256,0.00000004
84.837285,0.00000004
84.813313,0.00000004
84.789341,0.00000004
84.765369,0.00000004
84.741397,0.00000004
84.717425,0.00000004
84.693454,0.00000004
84.669482,0.00000004
84.645510,0.00000004
84.621538,0.00000004
84.597566,0.00000004
84.573594,0.00000004
84.549623,0.00000004
84.525651,0.00000004
84.501679,0.00000004
84.477707,0.00000004
84.453735,0.00000004
84.429763,0.00000004
84.405792,0.00000004
84.381820,0.00000004
84.357848,0.00000004
84.333876,0.00000004
84.309904,0.00000004
84.285932,0.00000004
84.261961,0.00000004
84.237989,0.00000004
84.214017,0.00000004
84.190045,0.00000004
84.166073,0.00000004
84.142101,0.00000004
84.118129,0.00000004
84.094158,0.00000004
84.070186,0.00000004
84.046214,0.00000004
84.022242,0.00000004
83.998270,0.00000004
83.974298,0.00000004
83.950327,0.00000004
83.926355,0.00000004
83.902383,0.00000004
83.878411,0.00000004
83.854439,0.00000004
83.830467,0.00000004
83.806496,0.00000004
83.782524,0.00000004
83.758552,0.00000004
83.734580,0.00000004
83.710608,0.00000004
83.686636,0.00000004
83.662665,0.00000004
83.638693,0.00000004
83.614721,0.00000004
83.590749,0.00000004
83.566777,0.00000004
83.542805,0.00000004
83.518834,0.00000004
83.494862,0.00000004
83.470890,0.00000004
83.446918,0.00000004
83.422946,0.00000004
83.398974,0.00000004
83.375003,0.00000004
83.351031,0.00000004
83.327059,0.00000004
83.303087,0.00000004
83.279115,0.00000004
83.255143,0.00000004
83.231171,0.00000004
83.207200,0.00000004
83.183228,0.00000004
83.159256,0.00000004
83.135284,0.00000004
83.111312,0.00000004
83.087340,0.00000004
83.063369,0.00000004
83.039397,0.00000004
83.015425,0.00000004
82.991453,0.00000004
82.967481,0.00000004
82.943509,0.00000004
82.919538,0.00000004
82.895566,0.00000004
82.871594,0.00000004
82.847622,0.00000004
82.823650,0.00000004
82.799678,0.00000004
82.775707,0.00000004
82.751735,0.00000004
82.727763,0.00000004
82.703791,0.00000004
82.679819,0.00000004
82.655847,0.00000004
82.631876,0.00000004
82.607904,0.00000004
82.583932,0.00000004
82.559960,0.00000004
82.535988,0.00000004
82.512016,0.00000004
82.488045,0.00000004
82.464073,0.00000004
82.440101,0.00000004
82.416129,0.00000004
82.392157,0.00000004
82.368185,0.00000004
82.344213,0.00000004
82.320242,0.00000004
82.296270,0.00000004
82.272298,0.00000004
82.248326,0.00000004
82.224354,0.00000004
82.200382,0.00000004
82.176411,0.00000004
82.152439,0.00000004
82.128467,0.00000004
82.104495,0.00000004
82.080523,0.00000004
82.056551,0.00000004
82.032580,0.00000004
82.008608,0.00000004
81.984636,0.00000004
81.960664,0.00000004
81.936692,0.00000004
81.912720,0.00000004
81.888749,0.00000004
81.864777,0.00000004
81.840805,0.00000004
81.816833,0.00000004
81.792861,0.00000004
81.768889,0.00000004
81.744918,0.00000004
81.720946,0.00000004
81.696974,0.00000004
81.673002,0.00000004
81.649030,0.00000004
81.625058,0.00000004
81.601087,0.00000004
81.577115,0.00000004
81.553143,0.00000004
81.529171,0.00000004
81.505199,0.00000004
81.481227,0.00000004
81.457255,0.00000004
81.433284,0.00000004
81.409312,0.00000004
81.385340,0.00000004
81.361368,0.00000004
81.337396,0.00000004
81.313424,0.00000004
81.289453,0.00000004
81.265481,0.00000004
81.241509,0.00000004
81.217537,0.00000004
81.193565,0.00000004
81.169593,0.00000004
81.145622,0.00000004
81.121650,0.00000004
81.097678,0.00000004
81.073706,0.00000004
81.049734,0.00000004
81.025762,0.00000004
81.001791,0.00000004
80.977819,0.00000004
80.953847,0.00000004
80.929875,0.00000004
80.905903,0.00000004
80.881931,0.00000004
80.857960,0.00000004
80.833988,0.00000004
80.810016,0.00000004
80.786044,0.00000004
80.762072,0.00000004
80.738100,0.00000004
80.714128,0.00000003
80.690157,0.00000003
80.666185,0.00000003
80.642213,0.00000003
80.618241,0.00000003
80.594269,0.00000003
80.570297,0.00000003
80.546326,0.00000003
80.522354,0.00000003
80.498382,0.00000003
80.474410,0.00000003
80.450438,0.00000003
80.426466,0.00000003
80.402495,0.00000003
80.378523,0.00000003
80.354551,0.00000003
80.330579,0.00000003
80.306607,0.00000003
80.282635,0.00000003
80.258664,0.00000003
80.234692,0.00000003
80.210720,0.00000003
80.186748,0.00000003
80.162776,0.00000003
80.138804,0.00000003
80.114833,0.00000003
80.090861,0.00000003
80.066889,0.00000003
80.042917,0.00000003
80.018945,0.00000003
79.994973,0.00000003
79.971002,0.00000003
79.947030,0.00000003
79.923058,0.00000003
79.899086,0.00000003
79.875114,0.00000003
79.851142,0.00000003
79.827170,0.00000003
79.803199,0.00000003
79.779227,0.00000003
79.755255,0.00000003
79.731283,0.00000003
79.707311,0.00000003
79.683339,0.00000003
79.659368,0.00000003
79.635396,0.00000003
79.611424,0.00000003
79.587452,0.00000003
79.563480,0.00000003
79.539508,0.00000003
79.515537,0.00000003
79.491565,0.00000003
79.467593,0.00000003
79.443621,0.00000003
79.419649,0.00000003
79.395677,0.00000003
79.371706,0.00000003
79.347734,0.00000003
79.323762,0.00000003
79.299790,0.00000003
79.275818,0.00000003
79.251846,0.00000003
79.227875,0.00000003
79.203903,0.00000003
79.179931,0.00000003
79.155959,0.00000003
79.131987,0.00000003
79.108015,0.00000003
79.084044,0.00000003
79.060072,0.00000003
79.036100,0.00000003
79.012128,0.00000003
78.988156,0.00000003
78.964184,0.00000003
78.940212,0.00000003
78.916241,0.00000003
78.892269,0.00000003
78.868297,0.00000003
78.844325,0.00000003
78.820353,0.00000003
78.796381,0.00000003
78.772410,0.00000003
78.748438,0.00000003
78.724466,0.00000003
78.700494,0.00000003
78.676522,0.00000003
78.652550,0.00000003
78.628579,0.00000003
78.604607,0.00000003
78.580635,0.00000003
78.556663,0.00000003
78.532691,0.00000003
78.508719,0.00000003
78.484748,0.00000003
78.460776,0.00000003
78.436804,0.00000003
78.412832,0.00000003
78.388860,0.00000003
78.364888,0.00000003
78.340917,0.00000003
78.316945,0.00000003
78.292973,0.00000003
78.269001,0.00000003
78.245029,0.00000003
78.221057,0.00000003
78.197086,0.00000003
78.173114,0.00000003
78.149142,0.00000003
78.125170,0.00000003
78.101198,0.00000003
78.077226,0.00000003
78.053254,0.00000003
78.029283,0.00000003
78.005311,0.00000003
77.981339,0.00000003
77.957367,0.00000003
77.933395,0.00000003
77.909423,0.00000003
77.885452,0.00000003
77.861480,0.00000003
77.837508,0.00000003
77.813536,0.00000003
77.789564,0.00000003
77.765592,0.00000003
77.741621,0.00000003
77.717649,0.00000003
77.693677,0.00000003
77.669705,0.00000003
77.645733,0.00000003
77.621761,0.00000003
77.597790,0.00000003
77.573818,0.00000003
77.549846,0.00000003
77.525874,0.00000003
77.501902,0.00000003
77.477930,0.00000003
77.453959,0.00000003
77.429987,0.00000003
77.406015,0.00000003
77.382043,0.00000003
77.358071,0.00000003
77.334099,0.00000003
77.310128,0.00000003
77.286156,0.00000003
77.262184,0.00000003
77.238212,0.00000003
77.214240,0.00000003
77.190268,0.00000003
77.166296,0.00000003
77.142325,0.00000003
77.118353,0.00000003
77.094381,0.00000003
77.070409,0.00000003
77.046437,0.00000003
77.022465,0.00000003
76.998494,0.00000003
76.974522,0.00000003
76.950550,0.00000003
76.926578,0.00000003
76.902606,0.00000003
76.878634,0.00000003
76.854663,0.00000003
76.830691,0.00000003
76.806719,0.00000003
76.782747,0.00000003
76.758775,0.00000003
76.734803,0.00000003
76.710832,0.00000003
76.686860,0.00000003
76.662888,0.00000003
76.638916,0.00000003
76.614944,0.00000003
76.590972,0.00000003
76.567001,0.00000003
76.543029,0.00000003
76.519057,0.00000003
76.495085,0.00000003
76.471113,0.00000003
76.447141,0.00000003
76.423170,0.00000003
76.399198,0.00000003
76.375226,0.00000003
76.351254,0.00000003
76.327282,0.00000003
76.303310,0.00000003
76.279338,0.00000003
76.255367,0.00000003
76.231395,0.00000003
76.207423,0.00000003
76.183451,0.00000003
76.159479,0.00000003
76.135507,0.00000003
76.111536,0.00000003
76.087564,0.00000003
76.063592,0.00000003
76.039620,0.00000003
76.015648,0.00000003
75.991676,0.00000003
75.967705,0.00000003
75.943733,0.00000003
75.919761,0.00000003
75.895789,0.00000003
75.871817,0.00000003
75.847845,0.00000003
75.823874,0.00000003
75.799902,0.00000003
75.775930,0.00000003
75.751958,0.00000003
75.727986,0.00000003
75.704014,0.00000003
75.680043,0.00000003
75.656071,0.00000003
75.632099,0.00000003
75.608127,0.00000003
75.584155,0.00000003
75.560183,0.00000003
75.536212,0.00000003
75.512240,0.00000003
75.488268,0.00000003
75.464296,0.00000003
75.440324,0.00000003
75.416352,0.00000003
75.392380,0.00000003
75.368409,0.00000003
75.344437,0.00000003
75.320465,0.00000003
75.296493,0.00000003
75.272521,0.00000003
75.248549,0.00000003
75.224578,0.00000003
75.200606,0.00000003
75.176634,0.00000003
75.152662,0.00000003
75.128690,0.00000003
75.104718,0.00000003
75.080747,0.00000003
75.056775,0.00000003
75.032803,0.00000003
75.008831,0.00000003
74.984859,0.00000003
74.960887,0.00000003
74.936916,0.00000003
74.912944,0.00000003
74.888972,0.00000003
74.865000,0.00000003
74.841028,0.00000003
74.817056,0.00000003
74.793085,0.00000003
74.769113,0.00000003
74.745141,0.00000003
74.721169,0.00000003
74.697197,0.00000003
74.673225,0.00000003
74.649254,0.00000003
74.625282,0.00000003
74.601310,0.00000003
74.577338,0.00000003
74.553366,0.00000003
74.529394,0.00000003
74.505422,0.00000003
74.481451,0.00000003
74.457479,0.00000003
74.433507,0.00000003
74.409535,0.00000003
74.385563,0.00000003
74.361591,0.00000003
74.337620,0.00000003
74.313648,0.00000003
74.289676,0.00000003
74.265704,0.00000003
74.241732,0.00000003
74.217760,0.00000003
74.193789,0.00000003
74.169817,0.00000003
74.145845,0.00000003
74.121873,0.00000003
74.097901,0.00000003
74.073929,0.00000003
74.049958,0.00000003
74.025986,0.00000003
74.002014,0.00000003
73.978042,0.00000003
73.954070,0.00000003
73.930098,0.00000003
73.906127,0.00000003
73.882155,0.00000003
73.858183,0.00000003
73.834211,0.00000003
73.810239,0.00000003
73.786267,0.00000003
73.762296,0.00000003
73.738324,0.00000003
73.714352,0.00000003
73.690380,0.00000003
73.666408,0.00000003
73.642436,0.00000003
73.618464,0.00000003
73.594493,0.00000003
73.570521,0.00000003
73.546549,0.00000003
73.522577,0.00000003
73.498605,0.00000003
73.474633,0.00000003
73.450662,0.00000003
73.426690,0.00000003
73.402718,0.00000003
73.378746,0.00000003
73.354774,0.00000003
73.330802,0.00000003
73.306831,0.00000003
73.282859,0.00000003
73.258887,0.00000003
73.234915,0.00000003
73.210943,0.00000003
73.186971,0.00000003
73.163000,0.00000003
73.139028,0.00000003
73.115056,0.00000003
73.091084,0.00000003
73.067112,0.00000003
73.043140,0.00000003
73.019169,0.00000003
72.995197,0.00000003
72.971225,0.00000003
72.947253,0.00000003
72.923281,0.00000003
72.899309,0.00000003
72.875338,0.00000003
72.851366,0.00000003
72.827394,0.00000003
72.803422,0.00000003
72.779450,0.00000003
72.755478,0.00000003
72.731506,0.00000003
72.707535,0.00000003
72.683563,0.00000003
72.659591,0.00000003
72.635619,0.00000003
72.611647,0.00000003
72.587675,0.00000003
72.563704,0.00000003
72.539732,0.00000003
72.515760,0.00000003
72.491788,0.00000003
72.467816,0.00000003
72.443844,0.00000003
72.419873,0.00000003
72.395901,0.00000003
72.371929,0.00000003
72.347957,0.00000003
72.323985,0.00000003
72.300013,0.00000003
72.276042,0.00000003
72.252070,0.00000003
72.228098,0.00000003
72.204126,0.00000003
72.180154,0.00000003
72.156182,0.00000003
72.132211,0.00000003
72.108239,0.00000003
72.084267,0.00000003
72.060295,0.00000003
72.036323,0.00000003
72.012351,0.00000003
71.988380,0.00000003
71.964408,0.00000003
71.940436,0.00000003
71.916464,0.00000003
71.892492,0.00000003
71.868520,0.00000003
71.844548,0.00000003
71.820577,0.00000003
71.796605,0.00000003
71.772633,0.00000003
71.748661,0.00000003
71.724689,0.00000003
71.700717,0.00000003
71.676746,0.00000003
71.652774,0.00000003
71.628802,0.00000003
71.604830,0.00000003
71.580858,0.00000003
71.556886,0.00000003
71.532915,0.00000003
71.508943,0.00000003
71.484971,0.00000003
71.460999,0.00000003
71.437027,0.00000003
71.413055,0.00000003
71.389084,0.00000003
71.365112,0.00000003
71.341140,0.00000003
71.317168,0.00000003
71.293196,0.00000003
71.269224,0.00000003
71.245253,0.00000003
71.221281,0.00000003
71.197309,0.00000003
71.173337,0.00000003
71.149365,0.00000003
71.125393,0.00000003
71.101422,0.00000003
71.077450,0.00000003
71.053478,0.00000003
71.029506,0.00000003
71.005534,0.00000003
70.981562,0.00000003
70.957590,0.00000003
70.933619,0.00000003
70.909647,0.00000003
70.885675,0.00000003
70.861703,0.00000003
70.837731,0.00000003
70.813759,0.00000003
70.789788,0.00000003
70.765816,0.00000003
70.741844,0.00000003
70.717872,0.00000003
70.693900,0.00000003
70.669928,0.00000003
70.645957,0.00000003
70.621985,0.00000003
70.598013,0.00000003
70.574041,0.00000003
70.550069,0.00000003
70.526097,0.00000003
70.502126,0.00000003
70.478154,0.00000003
70.454182,0.00000003
70.430210,0.00000003
70.406238,0.00000003
70.382266,0.00000003
70.358295,0.00000003
70.334323,0.00000003
70.310351,0.00000003
70.286379,0.00000003
70.262407,0.00000003
70.238435,0.00000003
70.214464,0.00000003
70.190492,0.00000003
70.166520,0.00000003
70.142548,0.00000003
70.118576,0.00000003
70.094604,0.00000003
70.070632,0.00000003
70.046661,0.00000003
70.022689,0.00000003
69.998717,0.00000003
69.974745,0.00000003
69.950773,0.00000003
69.926801,0.00000003
69.902830,0.00000003
69.878858,0.00000003
69.854886,0.00000003
69.830914,0.00000003
69.806942,0.00000003
69.782970,0.00000003
69.758999,0.00000003
69.735027,0.00000003
69.711055,0.00000003
69.687083,0.00000003
69.663111,0.00000003
69.639139,0.00000003
69.615168,0.00000003
69.591196,0.00000003
69.567224,0.00000003
69.543252,0.00000003
69.519280,0.00000003
69.495308,0.00000003
69.471337,0.00000003
69.447365,0.00000003
69.423393,0.00000003
69.399421,0.00000003
69.375449,0.00000003
69.351477,0.00000003
69.327506,0.00000003
69.303534,0.00000003
69.279562,0.00000003
69.255590,0.00000003
69.231618,0.00000003
69.207646,0.00000003
69.183674,0.00000003
69.159703,0.00000003
69.135731,0.00000003
69.111759,0.00000003
69.087787,0.00000003
69.063815,0.00000003
69.039843,0.00000003
69.015872,0.00000003
68.991900,0.00000003
68.967928,0.00000003
68.943956,0.00000003
68.919984,0.00000003
68.896012,0.00000003
68.872041,0.00000003
68.848069,0.00000003
68.824097,0.00000003
68.800125,0.00000003
68.776153,0.00000003
68.752181,0.00000003
68.728210,0.00000003
68.704238,0.00000003
68.680266,0.00000003
68.656294,0.00000003
68.632322,0.00000003
68.608350,0.00000003
68.584379,0.00000003
68.560407,0.00000003
68.536435,0.00000003
68.512463,0.00000003
68.488491,0.00000003
68.464519,0.00000003
68.440548,0.00000003
68.416576,0.00000003
68.392604,0.00000003
68.368632,0.00000003
68.344660,0.00000003
68.320688,0.00000003
68.296716,0.00000003
68.272745,0.00000003
68.248773,0.00000003
68.224801,0.00000003
68.200829,0.00000003
68.176857,0.00000003
68.152885,0.00000003
68.128914,0.00000003
68.104942,0.00000003
68.080970,0.00000003
68.056998,0.00000003
68.033026,0.00000003
68.009054,0.00000003
67.985083,0.00000003
67.961111,0.00000003
67.937139,0.00000003
67.913167,0.00000003
67.889195,0.00000003
67.865223,0.00000003
67.841252,0.00000003
67.817280,0.00000003
67.793308,0.00000004
67.769336,0.00000004
67.745364,0.00000004
67.721392,0.00000004
67.697421,0.00000004
67.673449,0.00000004
67.649477,0.00000004
67.625505,0.00000004
67.601533,0.00000004
67.577561,0.00000004
67.553590,0.00000004
67.529618,0.00000004
67.505646,0.00000004
67.481674,0.00000004
67.457702,0.00000004
67.433730,0.00000004
67.409758,0.00000004
67.385787,0.00000004
67.361815,0.00000004
67.337843,0.00000004
67.313871,0.00000004
67.289899,0.00000004
67.265927,0.00000004
67.241956,0.00000004
67.217984,0.00000004
67.194012,0.00000004
67.170040,0.00000004
67.146068,0.00000004
67.122096,0.00000004
67.098125,0.00000004
67.074153,0.00000004
67.050181,0.00000004
67.026209,0.00000004
67.002237,0.00000004
66.978265,0.00000004
66.954294,0.00000004
66.930322,0.00000004
66.906350,0.00000004
66.882378,0.00000004
66.858406,0.00000004
66.834434,0.00000004
66.810463,0.00000004
66.786491,0.00000004
66.762519,0.00000004
66.738547,0.00000004
66.714575,0.00000004
66.690603,0.00000004
66.666631,0.00000004
66.642660,0.00000004
66.618688,0.00000004
66.594716,0.00000004
66.570744,0.00000004
66.546772,0.00000004
66.522800,0.00000004
66.498829,0.00000004
66.474857,0.00000004
66.450885,0.00000004
66.426913,0.00000004
66.402941,0.00000004
66.378969,0.00000004
66.354998,0.00000004
66.331026,0.00000004
66.307054,0.00000004
66.283082,0.00000004
66.259110,0.00000004
66.235138,0.00000004
66.211167,0.00000004
66.187195,0.00000004
66.163223,0.00000004
66.139251,0.00000004
66.115279,0.00000004
66.091307,0.00000004
66.067336,0.00000004
66.043364,0.00000004
66.019392,0.00000004
65.995420,0.00000004
65.971448,0.00000004
65.947476,0.00000004
65.923505,0.00000004
65.899533,0.00000004
65.875561,0.00000004
65.851589,0.00000004
65.827617,0.00000004
65.803645,0.00000004
65.779673,0.00000004
65.755702,0.00000004
65.731730,0.00000004
65.707758,0.00000004
65.683786,0.00000004
65.659814,0.00000004
65.635842,0.00000004
65.611871,0.00000004
65.587899,0.00000004
65.563927,0.00000004
65.539955,0.00000004
65.515983,0.00000004
65.492011,0.00000004
65.468040,0.00000004
65.444068,0.00000004
65.420096,0.00000004
65.396124,0.00000004
65.372152,0.00000004
65.348180,0.00000004
65.324209,0.00000004
65.300237,0.00000004
65.276265,0.00000004
65.252293,0.00000004
65.228321,0.00000004
65.204349,0.00000004
65.180378,0.00000004
65.156406,0.00000004
65.132434,0.00000004
65.108462,0.00000004
65.084490,0.00000004
65.060518,0.00000004
65.036547,0.00000004
65.012575,0.00000004
64.988603,0.00000004
64.964631,0.00000004
64.940659,0.00000004
64.916687,0.00000004
64.892715,0.00000004
64.868744,0.00000004
64.844772,0.00000004
64.820800,0.00000004
64.796828,0.00000004
64.772856,0.00000004
64.748884,0.00000004
64.724913,0.00000004
64.700941,0.00000004
64.676969,0.00000004
64.652997,0.00000004
64.629025,0.00000004
64.605053,0.00000004
64.581082,0.00000004
64.557110,0.00000004
64.533138,0.00000004
64.509166,0.00000004
64.485194,0.00000004
64.461222,0.00000004
64.437251,0.00000004
64.413279,0.00000004
64.389307,0.00000004
64.365335,0.00000004
64.341363,0.00000004
64.317391,0.00000004
64.293420,0.00000004
64.269448,0.00000004
64.245476,0.00000004
64.221504,0.00000004
64.197532,0.00000004
64.173560,0.00000004
64.149589,0.00000004
64.125617,0.00000004
64.101645,0.00000004
64.077673,0.00000004
64.053701,0.00000004
64.029729,0.00000004
64.005757,0.00000004
63.981786,0.00000004
63.957814,0.00000004
63.933842,0.00000004
63.909870,0.00000004
63.885898,0.00000004
63.861926,0.00000004
63.837955,0.00000004
63.813983,0.00000004
63.790011,0.00000004
63.766039,0.00000004
63.742067,0.00000004
63.718095,0.00000004
63.694124,0.00000004
63.670152,0.00000004
63.646180,0.00000004
63.622208,0.00000004
63.598236,0.00000004
63.574264,0.00000004
63.550293,0.00000004
63.526321,0.00000004
63.502349,0.00000004
63.478377,0.00000004
63.454405,0.00000004
63.430433,0.00000004
63.406462,0.00000004
63.382490,0.00000004
63.358518,0.00000004
63.334546,0.00000004
63.310574,0.00000004
63.286602,0.00000004
63.262631,0.00000004
63.238659,0.00000004
63.214687,0.00000004
63.190715,0.00000004
63.166743,0.00000004
63.142771,0.00000004
63.118799,0.00000004
63.094828,0.00000004
63.070856,0.00000004
63.046884,0.00000004
63.022912,0.00000004
62.998940,0.00000004
62.974968,0.00000004
62.950997,0.00000004
62.927025,0.00000004
62.903053,0.00000004
62.879081,0.00000004
62.855109,0.00000004
62.831137,0.00000004
62.807166,0.00000004
62.783194,0.00000004
62.759222,0.00000004
62.735250,0.00000004
62.711278,0.00000004
62.687306,0.00000004
62.663335,0.00000004
62.639363,0.00000004
62.615391,0.00000004
62.591419,0.00000004
62.567447,0.00000004
62.543475,0.00000004
62.519504,0.00000004
62.495532,0.00000004
62.471560,0.00000004
62.447588,0.00000004
62.423616,0.00000004
62.399644,0.00000004
62.375673,0.00000004
62.351701,0.00000004
62.327729,0.00000004
62.303757,0.00000004
62.279785,0.00000004
62.255813,0.00000004
62.231841,0.00000004
62.207870,0.00000004
62.183898,0.00000004
62.159926,0.00000004
62.135954,0.00000004
62.111982,0.00000004
62.088010,0.00000004
62.064039,0.00000004
62.040067,0.00000004
62.016095,0.00000004
61.992123,0.00000004
61.968151,0.00000004
61.944179,0.00000004
61.920208,0.00000004
61.896236,0.00000004
61.872264,0.00000004
61.848292,0.00000004
61.824320,0.00000004
61.800348,0.00000004
61.776377,0.00000004
61.752405,0.00000004
61.728433,0.00000004
61.704461,0.00000004
61.680489,0.00000004
61.656517,0.00000004
61.632546,0.00000004
61.608574,0.00000004
61.584602,0.00000004
61.560630,0.00000004
61.536658,0.00000004
61.512686,0.00000004
61.488715,0.00000004
61.464743,0.00000004
61.440771,0.00000004
61.416799,0.00000004
61.392827,0.00000004
61.368855,0.00000004
61.344883,0.00000004
61.320912,0.00000004
61.296940,0.00000004
61.272968,0.00000004
61.248996,0.00000004
61.225024,0.00000004
61.201052,0.00000004
61.177081,0.00000004
61.153109,0.00000004
61.129137,0.00000004
61.105165,0.00000004
61.081193,0.00000004
61.057221,0.00000004
61.033250,0.00000004
61.009278,0.00000004
60.985306,0.00000004
60.961334,0.00000004
60.937362,0.00000004
60.913390,0.00000004
60.889419,0.00000004
60.865447,0.00000004
60.841475,0.00000004
60.817503,0.00000004
60.793531,0.00000004
60.769559,0.00000004
60.745588,0.00000004
60.721616,0.00000004
60.697644,0.00000004
60.673672,0.00000004
60.649700,0.00000004
60.625728,0.00000004
60.601757,0.00000004
60.577785,0.00000004
60.553813,0.00000004
60.529841,0.00000004
60.505869,0.00000004
60.481897,0.00000004
60.457925,0.00000004
60.433954,0.00000004
60.409982,0.00000004
60.386010,0.00000004
60.362038,0.00000004
60.338066,0.00000004
60.314094,0.00000004
60.290123,0.00000004
60.266151,0.00000004
60.242179,0.00000004
60.218207,0.00000004
60.194235,0.00000004
60.170263,0.00000004
60.146292,0.00000004
60.122320,0.00000004
60.098348,0.00000004
60.074376,0.00000004
60.050404,0.00000004
60.026432,0.00000004
60.002461,0.00000004
59.978489,0.00000004
59.954517,0.00000004
59.930545,0.00000004
59.906573,0.00000004
59.882601,0.00000004
59.858630,0.00000004
59.834658,0.00000004
59.810686,0.00000004
59.786714,0.00000004
59.762742,0.00000004
59.738770,0.00000004
59.714799,0.00000004
59.690827,0.00000004
59.666855,0.00000004
59.642883,0.00000004
59.618911,0.00000004
59.594939,0.00000004
59.570967,0.00000004
59.546996,0.00000004
59.523024,0.00000004
59.499052,0.00000004
59.475080,0.00000004
59.451108,0.00000004
59.427136,0.00000004
59.403165,0.00000004
59.379193,0.00000004
59.355221,0.00000004
59.331249,0.00000004
59.307277,0.00000004
59.283305,0.00000004
59.259334,0.00000004
59.235362,0.00000004
59.211390,0.00000004
59.187418,0.00000004
59.163446,0.00000004
59.139474,0.00000004
59.115503,0.00000004
59.091531,0.00000004
59.067559,0.00000004
59.043587,0.00000004
59.019615,0.00000004
58.995643,0.00000004
58.971672,0.00000004
58.947700,0.00000004
58.923728,0.00000004
58.899756,0.00000004
58.875784,0.00000004
58.851812,0.00000004
58.827841,0.00000004
58.803869,0.00000004
58.779897,0.00000004
58.755925,0.00000004
58.731953,0.00000004
58.707981,0.00000004
58.684009,0.00000004
58.660038,0.00000004
58.636066,0.00000004
58.612094,0.00000004
58.588122,0.00000004
58.564150,0.00000004
58.540178,0.00000004
58.516207,0.00000005
58.492235,0.00000005
58.468263,0.00000005
58.444291,0.00000005
58.420319,0.00000005
58.396347,0.00000005
58.372376,0.00000005
58.348404,0.00000005
58.324432,0.00000005
58.300460,0.00000005
58.276488,0.00000005
58.252516,0.00000005
58.228545,0.00000005
58.204573,0.00000005
58.180601,0.00000005
58.156629,0.00000005
58.132657,0.00000005
58.108685,0.00000005
58.084714,0.00000005
58.060742,0.00000005
58.036770,0.00000005
58.012798,0.00000005
57.988826,0.00000005
57.964854,0.00000005
57.940883,0.00000005
57.916911,0.00000005
57.892939,0.00000005
57.868967,0.00000005
57.844995,0.00000005
57.821023,0.00000005
57.797051,0.00000005
57.773080,0.00000005
57.749108,0.00000005
57.725136,0.00000005
57.701164,0.00000005
57.677192,0.00000005
57.653220,0.00000005
57.629249,0.00000005
57.605277,0.00000005
57.581305,0.00000005
57.557333,0.00000005
57.533361,0.00000005
57.509389,0.00000005
57.485418,0.00000005
57.461446,0.00000005
57.437474,0.00000005
57.413502,0.00000005
57.389530,0.00000005
57.365558,0.00000005
57.341587,0.00000005
57.317615,0.00000005
57.293643,0.00000005
57.269671,0.00000005
57.245699,0.00000005
57.221727,0.00000005
57.197756,0.00000005
57.173784,0.00000005
57.149812,0.00000005
57.125840,0.00000005
57.101868,0.00000005
57.077896,0.00000005
57.053925,0.00000005
57.029953,0.00000005
57.005981,0.00000005
56.982009,0.00000005
56.958037,0.00000005
56.934065,0.00000005
56.910093,0.00000005
56.886122,0.00000005
56.862150,0.00000005
56.838178,0.00000005
56.814206,0.00000005
56.790234,0.00000005
56.766262,0.00000005
56.742291,0.00000005
56.718319,0.00000005
56.694347,0.00000005
56.670375,0.00000005
56.646403,0.00000005
56.622431,0.00000005
56.598460,0.00000005
56.574488,0.00000005
56.550516,0.00000005
56.526544,0.00000005
56.502572,0.00000005
56.478600,0.00000005
56.454629,0.00000005
56.430657,0.00000005
56.406685,0.00000005
56.382713,0.00000005
56.358741,0.00000005
56.334769,0.00000005
56.310798,0.00000005
56.286826,0.00000005
56.262854,0.00000005
56.238882,0.00000005
56.214910,0.00000005
56.190938,0.00000005
56.166967,0.00000005
56.142995,0.00000005
56.119023,0.00000005
56.095051,0.00000005
56.071079,0.00000005
56.047107,0.00000005
56.023135,0.00000005
55.999164,0.00000005
55.975192,0.00000005
55.951220,0.00000005
55.927248,0.00000005
55.903276,0.00000005
55.879304,0.00000005
55.855333,0.00000005
55.831361,0.00000005
55.807389,0.00000005
55.783417,0.00000005
55.759445,0.00000005
55.735473,0.00000005
55.711502,0.00000005
55.687530,0.00000005
55.663558,0.00000005
55.639586,0.00000005
55.615614,0.00000005
55.591642,0.00000005
55.567671,0.00000005
55.543699,0.00000005
55.519727,0.00000005
55.495755,0.00000005
55.471783,0.00000005
55.447811,0.00000005
55.423840,0.00000005
55.399868,0.00000005
55.375896,0.00000005
55.351924,0.00000005
55.327952,0.00000005
55.303980,0.00000005
55.280009,0.00000005
55.256037,0.00000005
55.232065,0.00000005
55.208093,0.00000005
55.184121,0.00000005
55.160149,0.00000005
55.136177,0.00000005
55.112206,0.00000005
55.088234,0.00000005
55.064262,0.00000005
55.040290,0.00000005
55.016318,0.00000005
54.992346,0.00000005
54.968375,0.00000005
54.944403,0.00000005
54.920431,0.00000005
54.896459,0.00000005
54.872487,0.00000005
54.848515,0.00000005
54.824544,0.00000005
54.800572,0.00000005
54.776600,0.00000005
54.752628,0.00000005
54.728656,0.00000005
54.704684,0.00000005
54.680713,0.00000005
54.656741,0.00000005
54.632769,0.00000005
54.608797,0.00000005
54.584825,0.00000005
54.560853,0.00000005
54.536882,0.00000005
54.512910,0.00000005
54.488938,0.00000005
54.464966,0.00000005
54.440994,0.00000005
54.417022,0.00000005
54.393051,0.00000005
54.369079,0.00000005
54.345107,0.00000005
54.321135,0.00000005
54.297163,0.00000005
54.273191,0.00000005
54.249219,0.00000006
54.225248,0.00000006
54.201276,0.00000006
54.177304,0.00000006
54.153332,0.00000006
54.129360,0.00000006
54.105388,0.00000006
54.081417,0.00000006
54.057445,0.00000006
54.033473,0.00000006
54.009501,0.00000006
53.985529,0.00000006
53.961557,0.00000006
53.937586,0.00000006
53.913614,0.00000006
53.889642,0.00000006
53.865670,0.00000006
53.841698,0.00000006
53.817726,0.00000006
53.793755,0.00000006
53.769783,0.00000006
53.745811,0.00000006
53.721839,0.00000006
53.697867,0.00000006
53.673895,0.00000006
53.649924,0.00000006
53.625952,0.00000006
53.601980,0.00000006
53.578008,0.00000006
53.554036,0.00000006
53.530064,0.00000006
53.506093,0.00000006
53.482121,0.00000006
53.458149,0.00000006
53.434177,0.00000006
53.410205,0.00000006
53.386233,0.00000006
53.362261,0.00000006
53.338290,0.00000006
53.314318,0.00000006
53.290346,0.00000006
53.266374,0.00000006
53.242402,0.00000006
53.218430,0.00000006
53.194459,0.00000006
53.170487,0.00000006
53.146515,0.00000006
53.122543,0.00000006
53.098571,0.00000006
53.074599,0.00000006
53.050628,0.00000006
53.026656,0.00000006
53.002684,0.00000006
52.978712,0.00000006
52.954740,0.00000006
52.930768,0.00000006
52.906797,0.00000006
52.882825,0.00000006
52.858853,0.00000006
52.834881,0.00000006
52.810909,0.00000006
52.786937,0.00000006
52.762966,0.00000006
52.738994,0.00000006
52.715022,0.00000006
52.691050,0.00000006
52.667078,0.00000006
52.643106,0.00000006
52.619134,0.00000006
52.595163,0.00000006
52.571191,0.00000006
52.547219,0.00000006
52.523247,0.00000006
52.499275,0.00000006
52.475303,0.00000006
52.451332,0.00000006
52.427360,0.00000006
52.403388,0.00000006
52.379416,0.00000006
52.355444,0.00000006
52.331472,0.00000006
52.307501,0.00000006
52.283529,0.00000006
52.259557,0.00000006
52.235585,0.00000006
52.211613,0.00000006
52.187641,0.00000006
52.163670,0.00000006
52.139698,0.00000006
52.115726,0.00000006
52.091754,0.00000006
52.067782,0.00000006
52.043810,0.00000006
52.019839,0.00000006
51.995867,0.00000006
51.971895,0.00000006
51.947923,0.00000006
51.923951,0.00000006
51.899979,0.00000006
51.876008,0.00000006
51.852036,0.00000006
51.828064,0.00000006
51.804092,0.00000006
51.780120,0.00000006
51.756148,0.00000006
51.732176,0.00000006
51.708205,0.00000006
51.684233,0.00000006
51.660261,0.00000006
51.636289,0.00000006
51.612317,0.00000006
51.588345,0.00000006
51.564374,0.00000006
51.540402,0.00000006
51.516430,0.00000006
51.492458,0.00000006
51.468486,0.00000006
51.444514,0.00000006
51.420543,0.00000007
51.396571,0.00000007
51.372599,0.00000007
51.348627,0.00000007
51.324655,0.00000007
51.300683,0.00000007
51.276712,0.00000007
51.252740,0.00000007
51.228768,0.00000007
51.204796,0.00000007
51.180824,0.00000007
51.156852,0.00000007
51.132881,0.00000007
51.108909,0.00000007
51.084937,0.00000007
51.060965,0.00000007
51.036993,0.00000007
51.013021,0.00000007
50.989050,0.00000007
50.965078,0.00000007
50.941106,0.00000007
50.917134,0.00000007
50.893162,0.00000007
50.869190,0.00000007
50.845218,0.00000007
50.821247,0.00000007
50.797275,0.00000007
50.773303,0.00000007
50.749331,0.00000007
50.725359,0.00000007
50.701387,0.00000007
50.677416,0.00000007
50.653444,0.00000007
50.629472,0.00000007
50.605500,0.00000007
50.581528,0.00000007
50.557556,0.00000007
50.533585,0.00000007
50.509613,0.00000007
50.485641,0.00000007
50.461669,0.00000007
50.437697,0.00000007
50.413725,0.00000007
50.389754,0.00000007
50.365782,0.00000007
50.341810,0.00000007
50.317838,0.00000007
50.293866,0.00000007
50.269894,0.00000007
50.245923,0.00000007
50.221951,0.00000007
50.197979,0.00000007
50.174007,0.00000007
50.150035,0.00000007
50.126063,0.00000007
50.102092,0.00000007
50.078120,0.00000007
50.054148,0.00000007
50.030176,0.00000007
50.006204,0.00000007
49.982232,0.00000007
49.958260,0.00000007
49.934289,0.00000007
49.910317,0.00000007
49.886345,0.00000007
49.862373,0.00000007
49.838401,0.00000007
49.814429,0.00000007
49.790458,0.00000007
49.766486,0.00000007
49.742514,0.00000007
49.718542,0.00000007
49.694570,0.00000007
49.670598,0.00000007
49.646627,0.00000007
49.622655,0.00000007
49.598683,0.00000007
49.574711,0.00000007
49.550739,0.00000007
49.526767,0.00000007
49.502796,0.00000007
49.478824,0.00000007
49.454852,0.00000007
49.430880,0.00000007
49.406908,0.00000007
49.382936,0.00000007
49.358965,0.00000007
49.334993,0.00000008
49.311021,0.00000008
49.287049,0.00000008
49.263077,0.00000008
49.239105,0.00000008
49.215134,0.00000008
49.191162,0.00000008
49.167190,0.00000008
49.143218,0.00000008
49.119246,0.00000008
49.095274,0.00000008
49.071302,0.00000008
49.047331,0.00000008
49.023359,0.00000008
48.999387,0.00000008
48.975415,0.00000008
48.951443,0.00000008
48.927471,0.00000008
48.903500,0.00000008
48.879528,0.00000008
48.855556,0.00000008
48.831584,0.00000008
48.807612,0.00000008
48.783640,0.00000008
48.759669,0.00000008
48.735697,0.00000008
48.711725,0.00000008
48.687753,0.00000008
48.663781,0.00000008
48.639809,0.00000008
48.615838,0.00000008
48.591866,0.00000008
48.567894,0.00000008
48.543922,0.00000008
48.519950,0.00000008
48.495978,0.00000008
48.472007,0.00000008
48.448035,0.00000008
48.424063,0.00000008
48.400091,0.00000008
48.376119,0.00000008
48.352147,0.00000008
48.328176,0.00000008
48.304204,0.00000008
48.280232,0.00000008
48.256260,0.00000008
48.232288,0.00000008
48.208316,0.00000008
48.184344,0.00000008
48.160373,0.00000008
48.136401,0.00000008
48.112429,0.00000008
48.088457,0.00000008
48.064485,0.00000008
48.040513,0.00000008
48.016542,0.00000008
47.992570,0.00000008
47.968598,0.00000008
47.944626,0.00000008
47.920654,0.00000008
47.896682,0.00000008
47.872711,0.00000008
47.848739,0.00000008
47.824767,0.00000008
47.800795,0.00000008
47.776823,0.00000008
47.752851,0.00000008
47.728880,0.00000008
47.704908,0.00000009
47.680936,0.00000009
47.656964,0.00000009
47.632992,0.00000009
47.609020,0.00000009
47.585049,0.00000009
47.561077,0.00000009
47.537105,0.00000009
47.513133,0.00000009
47.489161,0.00000009
47.465189,0.00000009
47.441218,0.00000009
47.417246,0.00000009
47.393274,0.00000009
47.369302,0.00000009
47.345330,0.00000009
47.321358,0.00000009
47.297386,0.00000009
47.273415,0.00000009
47.249443,0.00000009
47.225471,0.00000009
47.201499,0.00000009
47.177527,0.00000009
47.153555,0.00000009
47.129584,0.00000009
47.105612,0.00000009
47.081640,0.00000009
47.057668,0.00000009
47.033696,0.00000009
47.009724,0.00000009
46.985753,0.00000009
46.961781,0.00000009
46.937809,0.00000009
46.913837,0.00000009
46.889865,0.00000009
46.865893,0.00000009
46.841922,0.00000009
46.817950,0.00000009
46.793978,0.00000009
46.770006,0.00000009
46.746034,0.00000009
46.722062,0.00000009
46.698091,0.00000009
46.674119,0.00000009
46.650147,0.00000009
46.626175,0.00000009
46.602203,0.00000009
46.578231,0.00000009
46.554260,0.00000009
46.530288,0.00000009
46.506316,0.00000009
46.482344,0.00000009
46.458372,0.00000009
46.434400,0.00000009
46.410428,0.00000010
46.386457,0.00000010
46.362485,0.00000010
46.338513,0.00000010
46.314541,0.00000010
46.290569,0.00000010
46.266597,0.00000010
46.242626,0.00000010
46.218654,0.00000010
46.194682,0.00000010
46.170710,0.00000010
46.146738,0.00000010
46.122766,0.00000010
46.098795,0.00000010
46.074823,0.00000010
46.050851,0.00000010
46.026879,0.00000010
46.002907,0.00000010
45.978935,0.00000010
45.954964,0.00000010
45.930992,0.00000010
45.907020,0.00000010
45.883048,0.00000010
45.859076,0.00000010
45.835104,0.00000010
45.811133,0.00000010
45.787161,0.00000010
45.763189,0.00000010
45.739217,0.00000010
45.715245,0.00000010
45.691273,0.00000010
45.667302,0.00000010
45.643330,0.00000010
45.619358,0.00000010
45.595386,0.00000010
45.571414,0.00000010
45.547442,0.00000010
45.523470,0.00000010
45.499499,0.00000010
45.475527,0.00000010
45.451555,0.00000010
45.427583,0.00000010
45.403611,0.00000010
45.379639,0.00000010
45.355668,0.00000010
45.331696,0.00000010
45.307724,0.00000011
45.283752,0.00000011
45.259780,0.00000011
45.235808,0.00000011
45.211837,0.00000011
45.187865,0.00000011
45.163893,0.00000011
45.139921,0.00000011
45.115949,0.00000011
45.091977,0.00000011
45.068006,0.00000011
45.044034,0.00000011
45.020062,0.00000011
44.996090,0.00000011
44.972118,0.00000011
44.948146,0.00000011
44.924175,0.00000011
44.900203,0.00000011
44.876231,0.00000011
44.852259,0.00000011
44.828287,0.00000011
44.804315,0.00000011
44.780344,0.00000011
44.756372,0.00000011
44.732400,0.00000011
44.708428,0.00000011
44.684456,0.00000011
44.660484,0.00000011
44.636512,0.00000011
44.612541,0.00000011
44.588569,0.00000011
44.564597,0.00000011
44.540625,0.00000011
44.516653,0.00000011
44.492681,0.00000011
44.468710,0.00000011
44.444738,0.00000011
44.420766,0.00000011
44.396794,0.00000011
44.372822,0.00000012
44.348850,0.00000012
44.324879,0.00000012
44.300907,0.00000012
44.276935,0.00000012
44.252963,0.00000012
44.228991,0.00000012
44.205019,0.00000012
44.181048,0.00000012
44.157076,0.00000012
44.133104,0.00000012
44.109132,0.00000012
44.085160,0.00000012
44.061188,0.00000012
44.037217,0.00000012
44.013245,0.00000012
43.989273,0.00000012
43.965301,0.00000012
43.941329,0.00000012
43.917357,0.00000012
43.893386,0.00000012
43.869414,0.00000012
43.845442,0.00000012
43.821470,0.00000012
43.797498,0.00000012
43.773526,0.00000012
43.749554,0.00000012
43.725583,0.00000012
43.701611,0.00000012
43.677639,0.00000012
43.653667,0.00000012
43.629695,0.00000012
43.605723,0.00000012
43.581752,0.00000012
43.557780,0.00000013
43.533808,0.00000013
43.509836,0.00000013
43.485864,0.00000013
43.461892,0.00000013
43.437921,0.00000013
43.413949,0.00000013
43.389977,0.00000013
43.366005,0.00000013
43.342033,0.00000013
43.318061,0.00000013
43.294090,0.00000013
43.270118,0.00000013
43.246146,0.00000013
43.222174,0.00000013
43.198202,0.00000013
43.174230,0.00000013
43.150259,0.00000013
43.126287,0.00000013
43.102315,0.00000013
43.078343,0.00000013
43.054371,0.00000013
43.030399,0.00000013
43.006428,0.00000013
42.982456,0.00000013
42.958484,0.00000013
42.934512,0.00000013
42.910540,0.00000013
42.886568,0.00000013
42.862596,0.00000014
42.838625,0.00000014
42.814653,0.00000014
42.790681,0.00000014
42.766709,0.00000014
42.742737,0.00000014
42.718765,0.00000014
42.694794,0.00000014
42.670822,0.00000014
42.646850,0.00000014
42.622878,0.00000014
42.598906,0.00000014
42.574934,0.00000014
42.550963,0.00000014
42.526991,0.00000014
42.503019,0.00000014
42.479047,0.00000014
42.455075,0.00000014
42.431103,0.00000014
42.407132,0.00000014
42.383160,0.00000014
42.359188,0.00000014
42.335216,0.00000014
42.311244,0.00000014
42.287272,0.00000014
42.263301,0.00000014
42.239329,0.00000015
42.215357,0.00000015
42.191385,0.00000015
42.167413,0.00000015
42.143441,0.00000015
42.119470,0.00000015
42.095498,0.00000015
42.071526,0.00000015
42.047554,0.00000015
42.023582,0.00000015
41.999610,0.00000015
41.975638,0.00000015
41.951667,0.00000015
41.927695,0.00000015
41.903723,0.00000015
41.879751,0.00000015
41.855779,0.00000015
41.831807,0.00000015
41.807836,0.00000015
41.783864,0.00000015
41.759892,0.00000015
41.735920,0.00000015
41.711948,0.00000015
41.687976,0.00000015
41.664005,0.00000016
41.640033,0.00000016
41.616061,0.00000016
41.592089,0.00000016
41.568117,0.00000016
41.544145,0.00000016
41.520174,0.00000016
41.496202,0.00000016
41.472230,0.00000016
41.448258,0.00000016
41.424286,0.00000016
41.400314,0.00000016
41.376343,0.00000016
41.352371,0.00000016
41.328399,0.00000016
41.304427,0.00000016
41.280455,0.00000016
41.256483,0.00000016
41.232512,0.00000016
41.208540,0.00000016
41.184568,0.00000016
41.160596,0.00000017
41.136624,0.00000017
41.112652,0.00000017
41.088680,0.00000017
41.064709,0.00000017
41.040737,0.00000017
41.016765,0.00000017
40.992793,0.00000017
40.968821,0.00000017
40.944849,0.00000017
40.920878,0.00000017
40.896906,0.00000017
40.872934,0.00000017
40.848962,0.00000017
40.824990,0.00000017
40.801018,0.00000017
40.777047,0.00000017
40.753075,0.00000017
40.729103,0.00000017
40.705131,0.00000018
40.681159,0.00000018
40.657187,0.00000018
40.633216,0.00000018
40.609244,0.00000018
40.585272,0.00000018
40.561300,0.00000018
40.537328,0.00000018
40.513356,0.00000018
40.489385,0.00000018
40.465413,0.00000018
40.441441,0.00000018
40.417469,0.00000018
40.393497,0.00000018
40.369525,0.00000018
40.345554,0.00000018
40.321582,0.00000018
40.297610,0.00000019
40.273638,0.00000019
40.249666,0.00000019
40.225694,0.00000019
40.201722,0.00000019
40.177751,0.00000019
40.153779,0.00000019
40.129807,0.00000019
40.105835,0.00000019
40.081863,0.00000019
40.057891,0.00000019
40.033920,0.00000019
40.009948,0.00000019
39.985976,0.00000019
39.962004,0.00000019
39.938032,0.00000019
39.914060,0.00000020
39.890089,0.00000020
39.866117,0.00000020
39.842145,0.00000020
39.818173,0.00000020
39.794201,0.00000020
39.770229,0.00000020
39.746258,0.00000020
39.722286,0.00000020
39.698314,0.00000020
39.674342,0.00000020
39.650370,0.00000020
39.626398,0.00000020
39.602427,0.00000020
39.578455,0.00000020
39.554483,0.00000021
39.530511,0.00000021
39.506539,0.00000021
39.482567,0.00000021
39.458596,0.00000021
39.434624,0.00000021
39.410652,0.00000021
39.386680,0.00000021
39.362708,0.00000021
39.338736,0.00000021
39.314764,0.00000021
39.290793,0.00000021
39.266821,0.00000021
39.242849,0.00000021
39.218877,0.00000022
39.194905,0.00000022
39.170933,0.00000022
39.146962,0.00000022
39.122990,0.00000022
39.099018,0.00000022
39.075046,0.00000022
39.051074,0.00000022
39.027102,0.00000022
39.003131,0.00000022
38.979159,0.00000022
38.955187,0.00000022
38.931215,0.00000022
38.907243,0.00000023
38.883271,0.00000023
38.859300,0.00000023
38.835328,0.00000023
38.811356,0.00000023
38.787384,0.00000023
38.763412,0.00000023
38.739440,0.00000023
38.715469,0.00000023
38.691497,0.00000023
38.667525,0.00000023
38.643553,0.00000023
38.619581,0.00000024
38.595609,0.00000024
38.571637,0.00000024
38.547666,0.00000024
38.523694,0.00000024
38.499722,0.00000024
38.475750,0.00000024
38.451778,0.00000024
38.427806,0.00000024
38.403835,0.00000024
38.379863,0.00000024
38.355891,0.00000025
38.331919,0.00000025
38.307947,0.00000025
38.283975,0.00000025
38.260004,0.00000025
38.236032,0.00000025
38.212060,0.00000025
38.188088,0.00000025
38.164116,0.00000025
38.140144,0.00000025
38.116173,0.00000026
38.092201,0.00000026
38.068229,0.00000026
38.044257,0.00000026
38.020285,0.00000026
37.996313,0.00000026
37.972342,0.00000026
37.948370,0.00000026
37.924398,0.00000026
37.900426,0.00000026
37.876454,0.00000027
37.852482,0.00000027
37.828511,0.00000027
37.804539,0.00000027
37.780567,0.00000027
37.756595,0.00000027
37.732623,0.00000027
37.708651,0.00000027
37.684679,0.00000027
37.660708,0.00000028
37.636736,0.00000028
37.612764,0.00000028
37.588792,0.00000028
37.564820,0.00000028
37.540848,0.00000028
37.516877,0.00000028
37.492905,0.00000028
37.468933,0.00000028
37.444961,0.00000029
37.420989,0.00000029
37.397017,0.00000029
37.373046,0.00000029
37.349074,0.00000029
37.325102,0.00000029
37.301130,0.00000029
37.277158,0.00000029
37.253186,0.00000030
37.229215,0.00000030
37.205243,0.00000030
37.181271,0.00000030
37.157299,0.00000030
37.133327,0.00000030
37.109355,0.00000030
37.085384,0.00000030
37.061412,0.00000031
37.037440,0.00000031
37.013468,0.00000031
36.989496,0.00000031
36.965524,0.00000031
36.941553,0.00000031
36.917581,0.00000031
36.893609,0.00000031
36.869637,0.00000032
36.845665,0.00000032
36.821693,0.00000032
36.797721,0.00000032
36.773750,0.00000032
36.749778,0.00000032
36.725806,0.00000032
36.701834,0.00000033
36.677862,0.00000033
36.653890,0.00000033
36.629919,0.00000033
36.605947,0.00000033
36.581975,0.00000033
36.558003,0.00000033
36.534031,0.00000034
36.510059,0.00000034
36.486088,0.00000034
36.462116,0.00000034
36.438144,0.00000034
36.414172,0.00000034
36.390200,0.00000035
36.366228,0.00000035
36.342257,0.00000035
36.318285,0.00000035
36.294313,0.00000035
36.270341,0.00000035
36.246369,0.00000036
36.222397,0.00000036
36.198426,0.00000036
36.174454,0.00000036
36.150482,0.00000036
36.126510,0.00000036
36.102538,0.00000037
36.078566,0.00000037
36.054595,0.00000037
36.030623,0.00000037
36.006651,0.00000037
35.982679,0.00000037
35.958707,0.00000038
35.934735,0.00000038
35.910763,0.00000038
35.886792,0.00000038
35.862820,0.00000038
35.838848,0.00000038
35.814876,0.00000039
35.790904,0.00000039
35.766932,0.00000039
35.742961,0.00000039
35.718989,0.00000039
35.695017,0.00000040
35.671045,0.00000040
35.647073,0.00000040
35.623101,0.00000040
35.599130,0.00000040
35.575158,0.00000041
35.551186,0.00000041
35.527214,0.00000041
35.503242,0.00000041
35.479270,0.00000041
35.455299,0.00000042
35.431327,0.00000042
35.407355,0.00000042
35.383383,0.00000042
35.359411,0.00000043
35.335439,0.00000043
35.311468,0.00000043
35.287496,0.00000043
35.263524,0.00000043
35.239552,0.00000044
35.215580,0.00000044
35.191608,0.00000044
35.167637,0.00000044
35.143665,0.00000045
35.119693,0.00000045
35.095721,0.00000045
35.071749,0.00000045
35.047777,0.00000045
35.023805,0.00000046
34.999834,0.00000046
34.975862,0.00000046
34.951890,0.00000046
34.927918,0.00000047
34.903946,0.00000047
34.879974,0.00000047
34.856003,0.00000047
34.832031,0.00000048
34.808059,0.00000048
34.784087,0.00000048
34.760115,0.00000048
34.736143,0.00000049
34.712172,0.00000049
34.688200,0.00000049
34.664228,0.00000050
34.640256,0.00000050
34.616284,0.00000050
34.592312,0.00000050
34.568341,0.00000051
34.544369,0.00000051
34.520397,0.00000051
34.496425,0.00000052
34.472453,0.00000052
34.448481,0.00000052
34.424510,0.00000052
34.400538,0.00000053
34.376566,0.00000053
34.352594,0.00000053
34.328622,0.00000054
34.304650,0.00000054
34.280679,0.00000054
34.256707,0.00000055
34.232735,0.00000055
34.208763,0.00000055
34.184791,0.00000056
34.160819,0.00000056
34.136847,0.00000056
34.112876,0.00000057
34.088904,0.00000057
34.064932,0.00000057
34.040960,0.00000058
34.016988,0.00000058
33.993016,0.00000058
33.969045,0.00000059
33.945073,0.00000059
33.921101,0.00000059
33.897129,0.00000060
33.873157,0.00000060
33.849185,0.00000060
33.825214,0.00000061
33.801242,0.00000061
33.777270,0.00000062
33.753298,0.00000062
33.729326,0.00000062
33.705354,0.00000063
33.681383,0.00000063
33.657411,0.00000063
33.633439,0.00000064
33.609467,0.00000064
33.585495,0.00000065
33.561523,0.00000065
33.537552,0.00000066
33.513580,0.00000066
33.489608,0.00000066
33.465636,0.00000067
33.441664,0.00000067
33.417692,0.00000068
33.393721,0.00000068
33.369749,0.00000069
33.345777,0.00000069
33.321805,0.00000069
33.297833,0.00000070
33.273861,0.00000070
33.249889,0.00000071
33.225918,0.00000071
33.201946,0.00000072
33.177974,0.00000072
33.154002,0.00000073
33.130030,0.00000073
33.106058,0.00000074
33.082087,0.00000074
33.058115,0.00000075
33.034143,0.00000075
33.010171,0.00000076
32.986199,0.00000076
32.962227,0.00000077
32.938256,0.00000077
32.914284,0.00000078
32.890312,0.00000079
32.866340,0.00000079
32.842368,0.00000080
32.818396,0.00000080
32.794425,0.00000081
32.770453,0.00000081
32.746481,0.00000082
32.722509,0.00000083
32.698537,0.00000083
32.674565,0.00000084
32.650594,0.00000084
32.626622,0.00000085
32.602650,0.00000086
32.578678,0.00000086
32.554706,0.00000087
32.530734,0.00000087
32.506763,0.00000088
32.482791,0.00000089
32.458819,0.00000089
32.434847,0.00000090
32.410875,0.00000091
32.386903,0.00000092
32.362931,0.00000092
32.338960,0.00000093
32.314988,0.00000094
32.291016,0.00000094
32.267044,0.00000095
32.243072,0.00000096
32.219100,0.00000097
32.195129,0.00000097
32.171157,0.00000098
32.147185,0.00000099
32.123213,0.00000100
32.099241,0.00000100
32.075269,0.00000101
32.051298,0.00000102
32.027326,0.00000103
32.003354,0.00000104
31.979382,0.00000105
31.955410,0.00000105
31.931438,0.00000106
31.907467,0.00000107
31.883495,0.00000108
31.859523,0.00000109
31.835551,0.00000110
31.811579,0.00000111
31.787607,0.00000112
31.763636,0.00000113
31.739664,0.00000114
31.715692,0.00000115
31.691720,0.00000116
31.667748,0.00000117
31.643776,0.00000118
31.619805,0.00000119
31.595833,0.00000120
31.571861,0.00000121
31.547889,0.00000122
31.523917,0.00000123
31.499945,0.00000124
31.475973,0.00000125
31.452002,0.00000126
31.428030,0.00000127
31.404058,0.00000128
31.380086,0.00000130
31.356114,0.00000131
31.332142,0.00000132
31.308171,0.00000133
31.284199,0.00000135
31.260227,0.00000136
31.236255,0.00000137
31.212283,0.00000138
31.188311,0.00000140
31.164340,0.00000141
31.140368,0.00000142
31.116396,0.00000144
31.092424,0.00000145
31.068452,0.00000146
31.044480,0.00000148
31.020509,0.00000149
30.996537,0.00000151
30.972565,0.00000152
30.948593,0.00000154
30.924621,0.00000155
30.900649,0.00000157
30.876678,0.00000158
30.852706,0.00000160
30.828734,0.00000162
30.804762,0.00000163
30.780790,0.00000165
30.756818,0.00000167
30.732847,0.00000169
30.708875,0.00000170
30.684903,0.00000172
30.660931,0.00000174
30.636959,0.00000176
30.612987,0.00000178
30.589015,0.00000180
30.565044,0.00000181
30.541072,0.00000183
30.517100,0.00000185
30.493128,0.00000187
30.469156,0.00000190
30.445184,0.00000192
30.421213,0.00000194
30.397241,0.00000196
30.373269,0.00000198
30.349297,0.00000200
30.325325,0.00000203
30.301353,0.00000205
30.277382,0.00000207
30.253410,0.00000210
30.229438,0.00000212
30.205466,0.00000215
30.181494,0.00000217
30.157522,0.00000220
30.133551,0.00000223
30.109579,0.00000225
30.085607,0.00000228
30.061635,0.00000231
30.037663,0.00000234
30.013691,0.00000237
29.989720,0.00000240
29.965748,0.00000243
29.941776,0.00000246
29.917804,0.00000249
29.893832,0.00000252
29.869860,0.00000255
29.845889,0.00000259
29.821917,0.00000262
29.797945,0.00000265
29.773973,0.00000269
29.750001,0.00000272
29.726029,0.00000276
29.702057,0.00000280
29.678086,0.00000284
29.654114,0.00000288
29.630142,0.00000291
29.606170,0.00000296
29.582198,0.00000300
29.558226,0.00000304
29.534255,0.00000308
29.510283,0.00000313
29.486311,0.00000317
29.462339,0.00000322
29.438367,0.00000326
29.414395,0.00000331
29.390424,0.00000336
29.366452,0.00000341
29.342480,0.00000346
29.318508,0.00000352
29.294536,0.00000357
29.270564,0.00000363
29.246593,0.00000368
29.222621,0.00000374
29.198649,0.00000380
29.174677,0.00000386
29.150705,0.00000392
29.126733,0.00000399
29.102762,0.00000405
29.078790,0.00000412
29.054818,0.00000419
29.030846,0.00000426
29.006874,0.00000433
28.982902,0.00000440
28.958931,0.00000448
28.934959,0.00000456
28.910987,0.00000464
28.887015,0.00000472
28.863043,0.00000480
28.839071,0.00000489
28.815099,0.00000498
28.791128,0.00000507
28.767156,0.00000516
28.743184,0.00000526
28.719212,0.00000536
28.695240,0.00000546
28.671268,0.00000557
28.647297,0.00000568
28.623325,0.00000579
28.599353,0.00000590
28.575381,0.00000602
28.551409,0.00000615
28.527437,0.00000627
28.503466,0.00000640
28.479494,0.00000654
28.455522,0.00000668
28.431550,0.00000682
28.407578,0.00000697
28.383606,0.00000712
28.359635,0.00000728
28.335663,0.00000744
28.311691,0.00000761
28.287719,0.00000779
28.263747,0.00000797
28.239775,0.00000816
28.215804,0.00000835
28.191832,0.00000855
28.167860,0.00000876
28.143888,0.00000898
28.119916,0.00000921
28.095944,0.00000944
28.071973,0.00000969
28.048001,0.00000994
28.024029,0.00001020
28.000057,0.00001048
27.976085,0.00001077
27.952113,0.00001106
27.928141,0.00001138
27.904170,0.00001170
27.880198,0.00001204
27.856226,0.00001240
27.832254,0.00001277
27.808282,0.00001316
27.784310,0.00001357
27.760339,0.00001399
27.736367,0.00001444
27.712395,0.00001491
27.688423,0.00001541
27.664451,0.00001593
27.640479,0.00001648
27.616508,0.00001705
27.592536,0.00001766
27.568564,0.00001831
27.544592,0.00001899
27.520620,0.00001971
27.496648,0.00002047
27.472677,0.00002128
27.448705,0.00002215
27.424733,0.00002306
27.400761,0.00002404
27.376789,0.00002508
27.352817,0.00002620
27.328846,0.00002739
27.304874,0.00002867
27.280902,0.00003004
27.256930,0.00003153
27.232958,0.00003312
27.208986,0.00003485
27.185015,0.00003672
27.161043,0.00003875
27.137071,0.00004097
27.113099,0.00004339
27.089127,0.00004604
27.065155,0.00004895
27.041183,0.00005216
27.017212,0.00005571
26.993240,0.00005966
26.969268,0.00006407
26.945296,0.00006901
26.921324,0.00007457
26.897352,0.00008087
26.873381,0.00008805
26.849409,0.00009629
26.825437,0.00010581
26.801465,0.00011690
26.777493,0.00012993
26.753521,0.00014540
26.729550,0.00016397
26.705578,0.00018657
26.681606,0.00021446
26.657634,0.00024950
26.633662,0.00029440
26.609690,0.00035334
26.585719,0.00043297
26.561747,0.00054444
26.537775,0.00070759
26.513803,0.00096065
26.489831,0.00138515
26.465859,0.00218175
26.441888,0.00396176
26.417916,0.00940446
26.393944,0.04533199
26.369972,1.00000000
26.346000,0.02296914
26.322028,0.00674190
26.298057,0.00321214
26.274085,0.00190660
26.250113,0.00129132
26.226141,0.00096076
26.202169,0.00077138
26.178197,0.00066330
26.154225,0.00060997
26.130254,0.00060149
26.106282,0.00063995
26.082310,0.00074199
26.058338,0.00095278
26.034366,0.00139446
26.010394,0.00246822
25.986423,0.00615315
25.962451,0.04090829
25.938479,0.10579258
25.914507,0.00836074
25.890535,0.00292419
25.866563,0.00153849
25.842592,0.00099539
25.818620,0.00073719
25.794648,0.00060588
25.770676,0.00054512
25.746704,0.00053441
25.722732,0.00057133
25.698761,0.00066983
25.674789,0.00087158
25.650817,0.00128985
25.626845,0.00229025
25.602873,0.00560740
25.578901,0.03307123
25.554930,0.15649847
25.530958,0.00916962
25.506986,0.00300215
25.483014,0.00149360
25.459042,0.00090255
25.435070,0.00061045
25.411099,0.00044434
25.387127,0.00034050
25.363155,0.00027101
25.339183,0.00022203
25.315211,0.00018609
25.291239,0.00015885
25.267267,0.00013765
25.243296,0.00012077
25.219324,0.00010708
25.195352,0.00009580
25.171380,0.00008636
25.147408,0.00007839
25.123436,0.00007157
25.099465,0.00006568
25.075493,0.00006056
25.051521,0.00005606
25.027549,0.00005210
25.003577,0.00004857
24.979605,0.00004543
24.955634,0.00004260
24.931662,0.00004005
24.907690,0.00003775
24.883718,0.00003565
24.859746,0.00003373
24.835774,0.00003198
24.811803,0.00003037
24.787831,0.00002889
24.763859,0.00002752
24.739887,0.00002626
24.715915,0.00002508
24.691943,0.00002399
24.667972,0.00002297
24.644000,0.00002202
24.620028,0.00002113
24.596056,0.00002029
24.572084,0.00001951
24.548112,0.00001877
24.524140,0.00001808
24.500169,0.00001743
24.476197,0.00001681
24.452225,0.00001623
24.428253,0.00001568
24.404281,0.00001515
24.380309,0.00001466
24.356338,0.00001419
24.332366,0.00001374
24.308394,0.00001331
24.284422,0.00001291
24.260450,0.00001252
24.236478,0.00001215
24.212507,0.00001180
24.188535,0.00001147
24.164563,0.00001114
24.140591,0.00001084
24.116619,0.00001054
24.092647,0.00001026
24.068676,0.00000999
24.044704,0.00000973
24.020732,0.00000948
23.996760,0.00000924
23.972788,0.00000901
23.948816,0.00000879
23.924845,0.00000857
23.900873,0.00000837
23.876901,0.00000817
23.852929,0.00000798
23.828957,0.00000779
23.804985,0.00000762
23.781014,0.00000745
23.757042,0.00000728
23.733070,0.00000712
23.709098,0.00000697
23.685126,0.00000682
23.661154,0.00000667
23.637182,0.00000653
23.613211,0.00000640
23.589239,0.00000626
23.565267,0.00000614
23.541295,0.00000601
23.517323,0.00000589
23.493351,0.00000578
23.469380,0.00000567
23.445408,0.00000556
23.421436,0.00000545
23.397464,0.00000535
23.373492,0.00000525
23.349520,0.00000515
23.325549,0.00000506
23.301577,0.00000496
23.277605,0.00000488
23.253633,0.00000479
23.229661,0.00000470
23.205689,0.00000462
23.181718,0.00000454
23.157746,0.00000446
23.133774,0.00000439
23.109802,0.00000431
23.085830,0.00000424
23.061858,0.00000417
23.037887,0.00000410
23.013915,0.00000404
22.989943,0.00000397
22.965971,0.00000391
22.941999,0.00000385
22.918027,0.00000378
22.894056,0.00000373
22.870084,0.00000367
22.846112,0.00000361
22.822140,0.00000356
22.798168,0.00000350
22.774196,0.00000345
22.750224,0.00000340
22.726253,0.00000335
22.702281,0.00000330
22.678309,0.00000325
22.654337,0.00000320
22.630365,0.00000316
22.606393,0.00000311
22.582422,0.00000307
22.558450,0.00000303
22.534478,0.00000298
22.510506,0.00000294
22.486534,0.00000290
22.462562,0.00000286
22.438591,0.00000282
22.414619,0.00000279
22.390647,0.00000275
22.366675,0.00000271
22.342703,0.00000268
22.318731,0.00000264
22.294760,0.00000261
22.270788,0.00000257
22.246816,0.00000254
22.222844,0.00000251
22.198872,0.00000248
22.174900,0.00000245
22.150929,0.00000242
22.126957,0.00000239
22.102985,0.00000236
22.079013,0.00000233
22.055041,0.00000230
22.031069,0.00000227
22.007098,0.00000224
21.983126,0.00000222
21.959154,0.00000219
21.935182,0.00000216
21.911210,0.00000214
21.887238,0.00000211
21.863266,0.00000209
21.839295,0.00000207
21.815323,0.00000204
21.791351,0.00000202
21.767379,0.00000200
21.743407,0.00000197
21.719435,0.00000195
21.695464,0.00000193
21.671492,0.00000191
21.647520,0.00000189
21.623548,0.00000187
21.599576,0.00000185
21.575604,0.00000183
21.551633,0.00000181
21.527661,0.00000179
21.503689,0.00000177
21.479717,0.00000175
21.455745,0.00000173
21.431773,0.00000171
21.407802,0.00000169
21.383830,0.00000168
21.359858,0.00000166
21.335886,0.00000164
21.311914,0.00000163
21.287942,0.00000161
21.263971,0.00000159
21.239999,0.00000158
21.216027,0.00000156
21.192055,0.00000155
21.168083,0.00000153
21.144111,0.00000152
21.120140,0.00000150
21.096168,0.00000149
21.072196,0.00000147
21.048224,0.00000146
21.024252,0.00000144
21.000280,0.00000143
20.976308,0.00000142
20.952337,0.00000140
20.928365,0.00000139
20.904393,0.00000138
20.880421,0.00000136
20.856449,0.00000135
20.832477,0.00000134
20.808506,0.00000133
20.784534,0.00000131
20.760562,0.00000130
20.736590,0.00000129
20.712618,0.00000128
20.688646,0.00000127
20.664675,0.00000126
20.640703,0.00000125
20.616731,0.00000123
20.592759,0.00000122
20.568787,0.00000121
20.544815,0.00000120
20.520844,0.00000119
20.496872,0.00000118
20.472900,0.00000117
20.448928,0.00000116
20.424956,0.00000115
20.400984,0.00000114
20.377013,0.00000113
20.353041,0.00000112
20.329069,0.00000111
20.305097,0.00000110
20.281125,0.00000109
20.257153,0.00000108
20.233182,0.00000108
20.209210,0.00000107
20.185238,0.00000106
20.161266,0.00000105
20.137294,0.00000104
20.113322,0.00000103
20.089350,0.00000102
20.065379,0.00000102
20.041407,0.00000101
20.017435,0.00000100
19.993463,0.00000099
19.969491,0.00000098
19.945519,0.00000098
19.921548,0.00000097
19.897576,0.00000096
19.873604,0.00000095
19.849632,0.00000095
19.825660,0.00000094
19.801688,0.00000093
19.777717,0.00000092
19.753745,0.00000092
19.729773,0.00000091
19.705801,0.00000090
19.681829,0.00000090
19.657857,0.00000089
19.633886,0.00000088
19.609914,0.00000088
19.585942,0.00000087
19.561970,0.00000086
19.537998,0.00000086
19.514026,0.00000085
19.490055,0.00000085
19.466083,0.00000084
19.442111,0.00000083
19.418139,0.00000083
19.394167,0.00000082
19.370195,0.00000082
19.346224,0.00000081
19.322252,0.00000080
19.298280,0.00000080
19.274308,0.00000079
19.250336,0.00000079
19.226364,0.00000078
19.202392,0.00000078
19.178421,0.00000077
19.154449,0.00000077
19.130477,0.00000076
19.106505,0.00000075
19.082533,0.00000075
19.058561,0.00000074
19.034590,0.00000074
19.010618,0.00000073
18.986646,0.00000073
18.962674,0.00000072
18.938702,0.00000072
18.914730,0.00000071
18.890759,0.00000071
18.866787,0.00000071
18.842815,0.00000070
18.818843,0.00000070
18.794871,0.00000069
18.770899,0.00000069
18.746928,0.00000068
18.722956,0.00000068
18.698984,0.00000067
18.675012,0.00000067
18.651040,0.00000066
18.627068,0.00000066
18.603097,0.00000066
18.579125,0.00000065
18.555153,0.00000065
18.531181,0.00000064
18.507209,0.00000064
18.483237,0.00000064
18.459266,0.00000063
18.435294,0.00000063
18.411322,0.00000062
18.387350,0.00000062
18.363378,0.00000062
18.339406,0.00000061
18.315434,0.00000061
18.291463,0.00000060
18.267491,0.00000060
18.243519,0.00000060
18.219547,0.00000059
18.195575,0.00000059
18.171603,0.00000059
18.147632,0.00000058
18.123660,0.00000058
18.099688,0.00000058
18.075716,0.00000057
18.051744,0.00000057
18.027772,0.00000057
18.003801,0.00000056
17.979829,0.00000056
17.955857,0.00000056
17.931885,0.00000055
17.907913,0.00000055
17.883941,0.00000055
17.859970,0.00000054
17.835998,0.00000054
17.812026,0.00000054
17.788054,0.00000053
17.764082,0.00000053
17.740110,0.00000053
17.716139,0.00000052
17.692167,0.00000052
17.668195,0.00000052
17.644223,0.00000052
17.620251,0.00000051
17.596279,0.00000051
17.572308,0.00000051
17.548336,0.00000050
17.524364,0.00000050
17.500392,0.00000050
17.476420,0.00000050
17.452448,0.00000049
17.428476,0.00000049
17.404505,0.00000049
17.380533,0.00000048
17.356561,0.00000048
17.332589,0.00000048
17.308617,0.00000048
17.284645,0.00000047
17.260674,0.00000047
17.236702,0.00000047
17.212730,0.00000047
17.188758,0.00000046
17.164786,0.00000046
17.140814,0.00000046
17.116843,0.00000046
17.092871,0.00000045
17.068899,0.00000045
17.044927,0.00000045
17.020955,0.00000045
16.996983,0.00000044
16.973012,0.00000044
16.949040,0.00000044
16.925068,0.00000044
16.901096,0.00000044
16.877124,0.00000043
16.853152,0.00000043
16.829181,0.00000043
16.805209,0.00000043
16.781237,0.00000042
16.757265,0.00000042
16.733293,0.00000042
16.709321,0.00000042
16.685350,0.00000042
16.661378,0.00000041
16.637406,0.00000041
16.613434,0.00000041
16.589462,0.00000041
16.565490,0.00000041
16.541518,0.00000040
16.517547,0.00000040
16.493575,0.00000040
16.469603,0.00000040
16.445631,0.00000040
16.421659,0.00000039
16.397687,0.00000039
16.373716,0.00000039
16.349744,0.00000039
16.325772,0.00000039
16.301800,0.00000038
16.277828,0.00000038
16.253856,0.00000038
16.229885,0.00000038
16.205913,0.00000038
16.181941,0.00000037
16.157969,0.00000037
16.133997,0.00000037
16.110025,0.00000037
16.086054,0.00000037
16.062082,0.00000037
16.038110,0.00000036
16.014138,0.00000036
15.990166,0.00000036
15.966194,0.00000036
15.942223,0.00000036
15.918251,0.00000036
15.894279,0.00000035
15.870307,0.00000035
15.846335,0.00000035
15.822363,0.00000035
15.798392,0.00000035
15.774420,0.00000035
15.750448,0.00000034
15.726476,0.00000034
15.702504,0.00000034
15.678532,0.00000034
15.654560,0.00000034
15.630589,0.00000034
15.606617,0.00000033
15.582645,0.00000033
15.558673,0.00000033
15.534701,0.00000033
15.510729,0.00000033
15.486758,0.00000033
15.462786,0.00000033
15.438814,0.00000032
15.414842,0.00000032
15.390870,0.00000032
15.366898,0.00000032
15.342927,0.00000032
15.318955,0.00000032
15.294983,0.00000032
15.271011,0.00000031
15.247039,0.00000031
15.223067,0.00000031
15.199096,0.00000031
15.175124,0.00000031
15.151152,0.00000031
15.127180,0.00000031
15.103208,0.00000031
15.079236,0.00000030
15.055265,0.00000030
15.031293,0.00000030
15.007321,0.00000030
14.983349,0.00000030
14.959377,0.00000030
14.935405,0.00000030
14.911434,0.00000029
14.887462,0.00000029
14.863490,0.00000029
14.839518,0.00000029
14.815546,0.00000029
14.791574,0.00000029
14.767602,0.00000029
14.743631,0.00000029
14.719659,0.00000028
14.695687,0.00000028
14.671715,0.00000028
14.647743,0.00000028
14.623771,0.00000028
14.599800,0.00000028
14.575828,0.00000028
14.551856,0.00000028
14.527884,0.00000028
14.503912,0.00000027
14.479940,0.00000027
14.455969,0.00000027
14.431997,0.00000027
14.408025,0.00000027
14.384053,0.00000027
14.360081,0.00000027
14.336109,0.00000027
14.312138,0.00000027
14.288166,0.00000026
14.264194,0.00000026
14.240222,0.00000026
14.216250,0.00000026
14.192278,0.00000026
14.168307,0.00000026
14.144335,0.00000026
14.120363,0.00000026
14.096391,0.00000026
14.072419,0.00000026
14.048447,0.00000025
14.024476,0.00000025
14.000504,0.00000025
13.976532,0.00000025
13.952560,0.00000025
13.928588,0.00000025
13.904616,0.00000025
13.880644,0.00000025
13.856673,0.00000025
13.832701,0.00000025
13.808729,0.00000024
13.784757,0.00000024
13.760785,0.00000024
13.736813,0.00000024
13.712842,0.00000024
13.688870,0.00000024
13.664898,0.00000024
13.640926,0.00000024
13.616954,0.00000024
13.592982,0.00000024
13.569011,0.00000024
13.545039,0.00000023
13.521067,0.00000023
13.497095,0.00000023
13.473123,0.00000023
13.449151,0.00000023
13.425180,0.00000023
13.401208,0.00000023
13.377236,0.00000023
13.353264,0.00000023
13.329292,0.00000023
13.305320,0.00000023
13.281349,0.00000023
13.257377,0.00000022
13.233405,0.00000022
13.209433,0.00000022
13.185461,0.00000022
13.161489,0.00000022
13.137518,0.00000022
13.113546,0.00000022
13.089574,0.00000022
13.065602,0.00000022
13.041630,0.00000022
13.017658,0.00000022
12.993686,0.00000022
12.969715,0.00000021
12.945743,0.00000021
12.921771,0.00000021
12.897799,0.00000021
12.873827,0.00000021
12.849855,0.00000021
12.825884,0.00000021
12.801912,0.00000021
12.777940,0.00000021
12.753968,0.00000021
12.729996,0.00000021
12.706024,0.00000021
12.682053,0.00000021
12.658081,0.00000020
12.634109,0.00000020
12.610137,0.00000020
12.586165,0.00000020
12.562193,0.00000020
12.538222,0.00000020
12.514250,0.00000020
12.490278,0.00000020
12.466306,0.00000020
12.442334,0.00000020
12.418362,0.00000020
12.394391,0.00000020
12.370419,0.00000020
12.346447,0.00000020
12.322475,0.00000020
12.298503,0.00000019
12.274531,0.00000019
12.250560,0.00000019
12.226588,0.00000019
12.202616,0.00000019
12.178644,0.00000019
12.154672,0.00000019
12.130700,0.00000019
12.106728,0.00000019
12.082757,0.00000019
12.058785,0.00000019
12.034813,0.00000019
12.010841,0.00000019
11.986869,0.00000019
11.962897,0.00000019
11.938926,0.00000018
11.914954,0.00000018
11.890982,0.00000018
11.867010,0.00000018
11.843038,0.00000018
11.819066,0.00000018
11.795095,0.00000018
11.771123,0.00000018
11.747151,0.00000018
11.723179,0.00000018
11.699207,0.00000018
11.675235,0.00000018
11.651264,0.00000018
11.627292,0.00000018
11.603320,0.00000018
11.579348,0.00000018
11.555376,0.00000018
11.531404,0.00000017
11.507433,0.00000017
11.483461,0.00000017
11.459489,0.00000017
11.435517,0.00000017
11.411545,0.00000017
11.387573,0.00000017
11.363602,0.00000017
11.339630,0.00000017
11.315658,0.00000017
11.291686,0.00000017
11.267714,0.00000017
11.243742,0.00000017
11.219770,0.00000017
11.195799,0.00000017
11.171827,0.00000017
11.147855,0.00000017
11.123883,0.00000017
11.099911,0.00000017
11.075939,0.00000016
11.051968,0.00000016
11.027996,0.00000016
11.004024,0.00000016
10.980052,0.00000016
10.956080,0.00000016
10.932108,0.00000016
10.908137,0.00000016
10.884165,0.00000016
10.860193,0.00000016
10.836221,0.00000016
10.812249,0.00000016
10.788277,0.00000016
10.764306,0.00000016
10.740334,0.00000016
10.716362,0.00000016
10.692390,0.00000016
10.668418,0.00000016
10.644446,0.00000016
10.620475,0.00000016
10.596503,0.00000015
10.572531,0.00000015
10.548559,0.00000015
10.524587,0.00000015
10.500615,0.00000015
10.476644,0.00000015
10.452672,0.00000015
10.428700,0.00000015
10.404728,0.00000015
10.380756,0.00000015
10.356784,0.00000015
10.332812,0.00000015
10.308841,0.00000015
10.284869,0.00000015
10.260897,0.00000015
10.236925,0.00000015
10.212953,0.00000015
10.188981,0.00000015
10.165010,0.00000015
10.141038,0.00000015
10.117066,0.00000015
10.093094,0.00000015
10.069122,0.00000014
10.045150,0.00000014
10.021179,0.00000014
9.997207,0.00000014
9.973235,0.00000014
9.949263,0.00000014
9.925291,0.00000014
9.901319,0.00000014
9.877348,0.00000014
9.853376,0.00000014
9.829404,0.00000014
9.805432,0.00000014
9.781460,0.00000014
9.757488,0.00000014
9.733517,0.00000014
9.709545,0.00000014
9.685573,0.00000014
9.661601,0.00000014
9.637629,0.00000014
9.613657,0.00000014
9.589685,0.00000014
9.565714,0.00000014
9.541742,0.00000014
9.517770,0.00000014
9.493798,0.00000014
9.469826,0.00000013
9.445854,0.00000013
9.421883,0.00000013
9.397911,0.00000013
9.373939,0.00000013
9.349967,0.00000013
9.325995,0.00000013
9.302023,0.00000013
9.278052,0.00000013
9.254080,0.00000013
9.230108,0.00000013
9.206136,0.00000013
9.182164,0.00000013
9.158192,0.00000013
9.134221,0.00000013
9.110249,0.00000013
9.086277,0.00000013
9.062305,0.00000013
9.038333,0.00000013
9.014361,0.00000013
8.990390,0.00000013
8.966418,0.00000013
8.942446,0.00000013
8.918474,0.00000013
8.894502,0.00000013
8.870530,0.00000013
8.846559,0.00000013
8.822587,0.00000013
8.798615,0.00000012
8.774643,0.00000012
8.750671,0.00000012
8.726699,0.00000012
8.702727,0.00000012
8.678756,0.00000012
8.654784,0.00000012
8.630812,0.00000012
8.606840,0.00000012
8.582868,0.00000012
8.558896,0.00000012
8.534925,0.00000012
8.510953,0.00000012
8.486981,0.00000012
8.463009,0.00000012
8.439037,0.00000012
8.415065,0.00000012
8.391094,0.00000012
8.367122,0.00000012
8.343150,0.00000012
8.319178,0.00000012
8.295206,0.00000012
8.271234,0.00000012
8.247263,0.00000012
8.223291,0.00000012
8.199319,0.00000012
8.175347,0.00000012
8.151375,0.00000012
8.127403,0.00000012
8.103432,0.00000012
8.079460,0.00000012
8.055488,0.00000011
8.031516,0.00000011
8.007544,0.00000011
7.983572,0.00000011
7.959601,0.00000011
7.935629,0.00000011
7.911657,0.00000011
7.887685,0.00000011
7.863713,0.00000011
7.839741,0.00000011
7.815769,0.00000011
7.791798,0.00000011
7.767826,0.00000011
7.743854,0.00000011
7.719882,0.00000011
7.695910,0.00000011
7.671938,0.00000011
7.647967,0.00000011
7.623995,0.00000011
7.600023,0.00000011
7.576051,0.00000011
7.552079,0.00000011
7.528107,0.00000011
7.504136,0.00000011
7.480164,0.00000011
7.456192,0.00000011
7.432220,0.00000011
7.408248,0.00000011
7.384276,0.00000011
7.360305,0.00000011
7.336333,0.00000011
7.312361,0.00000011
7.288389,0.00000011
7.264417,0.00000011
7.240445,0.00000011
7.216474,0.00000011
7.192502,0.00000010
7.168530,0.00000010
7.144558,0.00000010
7.120586,0.00000010
7.096614,0.00000010
7.072643,0.00000010
7.048671,0.00000010
7.024699,0.00000010
7.000727,0.00000010
6.976755,0.00000010
6.952783,0.00000010
6.928811,0.00000010
6.904840,0.00000010
6.880868,0.00000010
6.856896,0.00000010
6.832924,0.00000010
6.808952,0.00000010
6.784980,0.00000010
6.761009,0.00000010
6.737037,0.00000010
6.713065,0.00000010
6.689093,0.00000010
6.665121,0.00000010
6.641149,0.00000010
6.617178,0.00000010
6.593206,0.00000010
6.569234,0.00000010
6.545262,0.00000010
6.521290,0.00000010
6.497318,0.00000010
6.473347,0.00000010
6.449375,0.00000010
6.425403,0.00000010
6.401431,0.00000010
6.377459,0.00000010
6.353487,0.00000010
6.329516,0.00000010
6.305544,0.00000010
6.281572,0.00000010
6.257600,0.00000010
6.233628,0.00000010
6.209656,0.00000010
6.185685,0.00000009
6.161713,0.00000009
6.137741,0.00000009
6.113769,0.00000009
6.089797,0.00000009
6.065825,0.00000009
6.041853,0.00000009
6.017882,0.00000009
5.993910,0.00000009
5.969938,0.00000009
5.945966,0.00000009
5.921994,0.00000009
5.898022,0.00000009
5.874051,0.00000009
5.850079,0.00000009
5.826107,0.00000009
5.802135,0.00000009
5.778163,0.00000009
5.754191,0.00000009
5.730220,0.00000009
5.706248,0.00000009
5.682276,0.00000009
5.658304,0.00000009
5.634332,0.00000009
5.610360,0.00000009
5.586389,0.00000009
5.562417,0.00000009
